aid	scene_pred	scene_label	airport	bus	metro	metro_station	park	public_square	shopping_mall	street_pedestrian	street_traffic	tram
airport-lisbon-1175-44106	airport	airport	0.688	0.007	0.008	0.077	0.007	0.014	0.158	0.027	0.005	0.007
airport-lisbon-1175-44186	airport	airport	0.911	0.001	0.003	0.055	0.003	0.001	0.017	0.006	0.002	0.001
airport-lisbon-1175-44210	airport	airport	0.770	0.012	0.010	0.014	0.007	0.004	0.155	0.019	0.003	0.006
airport-lisbon-1175-44233	airport	airport	0.575	0.008	0.024	0.019	0.010	0.003	0.343	0.011	0.002	0.004
airport-lisbon-1175-44296	airport	airport	0.579	0.017	0.030	0.024	0.012	0.004	0.294	0.029	0.003	0.007
airport-lisbon-1175-44606	airport	airport	0.727	0.025	0.034	0.030	0.014	0.004	0.108	0.045	0.005	0.007
airport-lisbon-1175-44669	airport	airport	0.822	0.015	0.017	0.011	0.010	0.022	0.049	0.034	0.004	0.014
airport-lisbon-1175-44691	airport	airport	0.719	0.003	0.005	0.096	0.006	0.009	0.140	0.013	0.003	0.005
airport-lisbon-1175-44700	airport	airport	0.533	0.109	0.026	0.037	0.022	0.040	0.081	0.111	0.010	0.032
airport-lisbon-1175-44702	airport	airport	0.965	0.001	0.001	0.009	0.002	0.001	0.017	0.003	0.001	0.001
airport-lisbon-1175-44703	airport	airport	0.540	0.015	0.012	0.029	0.009	0.005	0.362	0.013	0.003	0.012
airport-lisbon-1175-44708	airport	airport	0.892	0.003	0.003	0.036	0.005	0.003	0.049	0.004	0.002	0.004
airport-lisbon-1175-44791	airport	airport	0.785	0.013	0.030	0.019	0.011	0.005	0.084	0.044	0.003	0.006
airport-lisbon-1175-44813	airport	airport	0.817	0.013	0.006	0.009	0.004	0.010	0.125	0.007	0.002	0.007
airport-lisbon-1175-44864	airport	airport	0.875	0.009	0.013	0.008	0.006	0.003	0.031	0.053	0.002	0.002
airport-lisbon-1175-44916	airport	airport	0.929	0.001	0.002	0.054	0.001	0.001	0.008	0.003	0.002	0.001
airport-lisbon-1175-44918	airport	airport	0.987	0.000	0.000	0.003	0.001	0.000	0.005	0.002	0.000	0.000
airport-lisbon-1175-45070	airport	airport	0.943	0.000	0.002	0.028	0.001	0.001	0.021	0.002	0.001	0.001
airport-lisbon-1175-45108	airport	airport	0.932	0.000	0.001	0.052	0.001	0.000	0.008	0.003	0.001	0.001
airport-lisbon-1175-45126	airport	airport	0.544	0.006	0.017	0.206	0.011	0.029	0.143	0.019	0.006	0.019
airport-lisbon-1175-45127	airport	airport	0.962	0.000	0.001	0.027	0.001	0.001	0.004	0.003	0.001	0.001
airport-lisbon-1175-45213	airport	airport	0.802	0.002	0.006	0.141	0.004	0.003	0.028	0.007	0.004	0.004
airport-lisbon-1175-45300	airport	airport	0.972	0.001	0.001	0.006	0.001	0.001	0.013	0.003	0.001	0.001
airport-lisbon-1175-45340	airport	airport	0.607	0.003	0.007	0.145	0.007	0.008	0.186	0.018	0.004	0.015
airport-lisbon-1175-45350	airport	airport	0.843	0.002	0.002	0.108	0.003	0.002	0.028	0.007	0.004	0.002
airport-lisbon-1175-45351	airport	airport	0.837	0.001	0.002	0.132	0.002	0.001	0.016	0.007	0.002	0.001
airport-lisbon-1175-45357	airport	airport	0.493	0.003	0.009	0.398	0.006	0.009	0.054	0.016	0.003	0.009
airport-lisbon-1175-45362	airport	airport	0.868	0.001	0.005	0.054	0.003	0.002	0.057	0.006	0.003	0.001
airport-lisbon-1175-45450	airport	airport	0.830	0.002	0.004	0.116	0.003	0.002	0.032	0.007	0.003	0.002
airport-lisbon-1175-45451	airport	airport	0.916	0.001	0.003	0.045	0.002	0.004	0.016	0.009	0.001	0.002
airport-lisbon-1175-45539	airport	airport	0.932	0.002	0.003	0.020	0.003	0.002	0.027	0.007	0.001	0.003
airport-lisbon-1175-45585	airport	airport	0.609	0.026	0.036	0.026	0.017	0.008	0.239	0.022	0.007	0.011
airport-lisbon-1175-45593	airport	airport	0.676	0.004	0.008	0.149	0.008	0.012	0.107	0.021	0.004	0.011
airport-lisbon-1175-45692	airport	airport	0.715	0.003	0.006	0.121	0.007	0.006	0.121	0.010	0.003	0.007
airport-lisbon-1175-45707	airport	airport	0.600	0.015	0.036	0.022	0.016	0.006	0.251	0.040	0.004	0.011
airport-lisbon-1175-45732	airport	airport	0.888	0.012	0.010	0.009	0.004	0.010	0.040	0.018	0.002	0.006
airport-london-205-6178	shopping_mall	airport	0.091	0.006	0.007	0.067	0.007	0.017	0.753	0.022	0.012	0.017
airport-london-205-6179	shopping_mall	airport	0.074	0.006	0.003	0.037	0.004	0.004	0.854	0.008	0.002	0.009
airport-london-205-6180	shopping_mall	airport	0.212	0.004	0.003	0.032	0.005	0.016	0.700	0.013	0.005	0.009
airport-london-205-6183	shopping_mall	airport	0.271	0.004	0.002	0.016	0.005	0.061	0.606	0.017	0.005	0.012
airport-london-205-6184	shopping_mall	airport	0.233	0.005	0.002	0.026	0.009	0.054	0.583	0.064	0.007	0.017
airport-london-205-6186	shopping_mall	airport	0.133	0.006	0.002	0.027	0.003	0.004	0.805	0.012	0.001	0.008
airport-london-205-6189	shopping_mall	airport	0.218	0.018	0.015	0.076	0.012	0.029	0.550	0.044	0.013	0.025
airport-london-205-6190	shopping_mall	airport	0.158	0.003	0.001	0.029	0.005	0.038	0.740	0.012	0.003	0.011
airport-london-205-6191	shopping_mall	airport	0.039	0.002	0.002	0.026	0.004	0.009	0.900	0.006	0.005	0.008
airport-london-205-6192	shopping_mall	airport	0.244	0.003	0.002	0.033	0.007	0.041	0.643	0.010	0.003	0.014
airport-london-205-6193	shopping_mall	airport	0.295	0.022	0.015	0.062	0.020	0.120	0.310	0.080	0.023	0.053
airport-london-205-6194	airport	airport	0.391	0.011	0.010	0.072	0.013	0.151	0.266	0.018	0.012	0.056
airport-london-205-6195	shopping_mall	airport	0.262	0.007	0.005	0.030	0.009	0.146	0.475	0.018	0.009	0.039
airport-london-205-6197	shopping_mall	airport	0.309	0.007	0.006	0.026	0.008	0.070	0.519	0.032	0.010	0.013
airport-london-205-6199	shopping_mall	airport	0.075	0.005	0.002	0.026	0.002	0.003	0.872	0.008	0.001	0.006
airport-london-205-6200	shopping_mall	airport	0.153	0.005	0.003	0.024	0.011	0.076	0.675	0.025	0.006	0.021
airport-london-205-6202	shopping_mall	airport	0.230	0.011	0.005	0.029	0.006	0.022	0.636	0.034	0.008	0.018
airport-london-205-6203	shopping_mall	airport	0.201	0.031	0.006	0.073	0.010	0.046	0.525	0.086	0.006	0.016
airport-london-205-6204	shopping_mall	airport	0.205	0.007	0.005	0.053	0.009	0.027	0.647	0.018	0.011	0.018
airport-london-205-6206	shopping_mall	airport	0.050	0.005	0.002	0.075	0.002	0.005	0.843	0.012	0.001	0.005
airport-london-205-6207	shopping_mall	airport	0.320	0.012	0.007	0.038	0.008	0.037	0.466	0.089	0.009	0.014
airport-london-205-6209	shopping_mall	airport	0.192	0.006	0.006	0.022	0.006	0.011	0.726	0.014	0.007	0.011
airport-london-205-6210	shopping_mall	airport	0.129	0.015	0.005	0.061	0.005	0.012	0.740	0.016	0.003	0.013
airport-london-205-6211	shopping_mall	airport	0.118	0.010	0.003	0.042	0.004	0.010	0.769	0.030	0.002	0.012
airport-london-205-6212	shopping_mall	airport	0.041	0.008	0.003	0.047	0.003	0.004	0.879	0.008	0.001	0.006
airport-london-205-6213	public_square	airport	0.199	0.008	0.006	0.023	0.009	0.443	0.209	0.058	0.011	0.035
airport-london-205-6214	shopping_mall	airport	0.242	0.007	0.006	0.052	0.014	0.063	0.562	0.027	0.010	0.019
airport-london-205-6215	shopping_mall	airport	0.058	0.004	0.004	0.048	0.004	0.009	0.847	0.011	0.004	0.011
airport-london-205-6216	shopping_mall	airport	0.043	0.005	0.001	0.028	0.002	0.005	0.900	0.013	0.001	0.003
airport-london-205-6217	shopping_mall	airport	0.212	0.010	0.005	0.030	0.012	0.186	0.459	0.035	0.021	0.031
airport-london-205-6219	airport	airport	0.414	0.011	0.007	0.056	0.014	0.095	0.292	0.030	0.019	0.062
airport-london-205-6220	shopping_mall	airport	0.139	0.023	0.006	0.085	0.006	0.021	0.654	0.047	0.006	0.014
airport-london-205-6222	shopping_mall	airport	0.223	0.003	0.003	0.023	0.007	0.040	0.668	0.008	0.005	0.019
airport-london-205-6223	airport	airport	0.488	0.009	0.007	0.058	0.013	0.154	0.198	0.015	0.011	0.046
airport-london-205-6224	shopping_mall	airport	0.133	0.002	0.002	0.015	0.004	0.027	0.790	0.011	0.004	0.013
airport-london-205-6225	shopping_mall	airport	0.171	0.006	0.004	0.054	0.014	0.080	0.605	0.036	0.010	0.020
airport-london-205-6226	shopping_mall	airport	0.057	0.012	0.005	0.104	0.004	0.047	0.718	0.031	0.008	0.013
airport-london-205-6227	shopping_mall	airport	0.254	0.005	0.005	0.042	0.007	0.032	0.593	0.036	0.008	0.019
airport-london-205-6228	shopping_mall	airport	0.288	0.009	0.008	0.086	0.007	0.052	0.468	0.052	0.008	0.022
airport-london-205-6229	shopping_mall	airport	0.264	0.005	0.002	0.015	0.007	0.052	0.601	0.016	0.004	0.034
airport-london-205-6230	shopping_mall	airport	0.222	0.014	0.010	0.032	0.010	0.258	0.295	0.117	0.020	0.022
airport-london-205-6231	shopping_mall	airport	0.116	0.002	0.001	0.008	0.004	0.015	0.838	0.005	0.002	0.009
airport-london-205-6232	airport	airport	0.389	0.011	0.008	0.062	0.012	0.049	0.356	0.078	0.014	0.022
airport-london-205-6233	shopping_mall	airport	0.245	0.002	0.001	0.009	0.004	0.020	0.692	0.015	0.003	0.007
airport-london-205-6234	shopping_mall	airport	0.107	0.018	0.007	0.095	0.004	0.013	0.721	0.015	0.005	0.014
airport-london-205-6235	public_square	airport	0.205	0.012	0.010	0.045	0.012	0.426	0.174	0.056	0.019	0.041
airport-london-205-6236	airport	airport	0.375	0.014	0.007	0.033	0.013	0.254	0.140	0.056	0.039	0.069
airport-lyon-1169-44100	airport	airport	0.927	0.001	0.003	0.003	0.001	0.003	0.009	0.052	0.000	0.001
airport-lyon-1169-44127	airport	airport	0.710	0.004	0.005	0.082	0.004	0.012	0.169	0.007	0.002	0.005
airport-lyon-1169-44227	airport	airport	0.885	0.001	0.006	0.005	0.003	0.006	0.009	0.083	0.001	0.002
airport-lyon-1169-44279	shopping_mall	airport	0.207	0.016	0.008	0.183	0.007	0.013	0.516	0.036	0.005	0.009
airport-lyon-1169-44283	airport	airport	0.968	0.000	0.001	0.001	0.002	0.001	0.006	0.020	0.000	0.001
airport-lyon-1169-44314	airport	airport	0.575	0.005	0.005	0.034	0.004	0.012	0.347	0.009	0.002	0.007
airport-lyon-1169-44321	airport	airport	0.458	0.015	0.012	0.290	0.007	0.024	0.160	0.019	0.005	0.010
airport-lyon-1169-44330	airport	airport	0.919	0.001	0.005	0.006	0.002	0.005	0.029	0.031	0.001	0.001
airport-lyon-1169-44348	shopping_mall	airport	0.267	0.005	0.003	0.075	0.003	0.009	0.628	0.005	0.003	0.004
airport-lyon-1169-44351	airport	airport	0.760	0.002	0.009	0.008	0.004	0.006	0.020	0.188	0.001	0.002
airport-lyon-1169-44363	airport	airport	0.410	0.023	0.024	0.294	0.012	0.023	0.153	0.030	0.010	0.021
airport-lyon-1169-44387	airport	airport	0.728	0.003	0.003	0.014	0.003	0.007	0.231	0.006	0.002	0.004
airport-lyon-1169-44430	airport	airport	0.979	0.000	0.001	0.001	0.002	0.001	0.006	0.009	0.000	0.001
airport-lyon-1169-44433	airport	airport	0.920	0.002	0.003	0.007	0.004	0.004	0.016	0.041	0.001	0.002
airport-lyon-1169-44434	airport	airport	0.788	0.003	0.002	0.040	0.003	0.010	0.142	0.008	0.002	0.003
airport-lyon-1169-44446	shopping_mall	airport	0.267	0.013	0.008	0.258	0.005	0.012	0.403	0.019	0.005	0.010
airport-lyon-1169-44486	airport	airport	0.909	0.002	0.005	0.008	0.004	0.008	0.027	0.033	0.001	0.003
airport-lyon-1169-44497	airport	airport	0.681	0.003	0.002	0.033	0.003	0.010	0.258	0.004	0.002	0.003
airport-lyon-1169-44528	airport	airport	0.974	0.001	0.001	0.002	0.003	0.001	0.009	0.008	0.000	0.001
airport-lyon-1169-44570	airport	airport	0.870	0.002	0.008	0.008	0.004	0.004	0.036	0.064	0.001	0.002
airport-lyon-1169-44738	airport	airport	0.977	0.000	0.001	0.001	0.002	0.001	0.005	0.013	0.000	0.001
airport-lyon-1169-44782	airport	airport	0.841	0.003	0.002	0.027	0.002	0.006	0.111	0.005	0.001	0.002
airport-lyon-1169-44981	airport	airport	0.992	0.000	0.000	0.001	0.001	0.001	0.002	0.003	0.000	0.000
airport-lyon-1169-45068	airport	airport	0.990	0.000	0.000	0.001	0.001	0.000	0.002	0.004	0.000	0.000
airport-lyon-1169-45129	airport	airport	0.764	0.007	0.004	0.029	0.004	0.008	0.159	0.017	0.003	0.005
airport-lyon-1169-45185	airport	airport	0.876	0.001	0.007	0.005	0.006	0.007	0.029	0.064	0.001	0.003
airport-lyon-1169-45263	airport	airport	0.900	0.001	0.005	0.006	0.002	0.003	0.018	0.062	0.001	0.001
airport-lyon-1169-45296	airport	airport	0.987	0.000	0.001	0.001	0.001	0.001	0.002	0.007	0.000	0.000
airport-lyon-1169-45396	airport	airport	0.897	0.001	0.004	0.007	0.003	0.006	0.006	0.075	0.001	0.001
airport-lyon-1169-45487	airport	airport	0.970	0.001	0.001	0.002	0.003	0.002	0.003	0.017	0.000	0.001
airport-lyon-1169-45498	airport	airport	0.918	0.001	0.006	0.004	0.002	0.004	0.011	0.051	0.001	0.001
airport-lyon-1169-45519	airport	airport	0.775	0.004	0.018	0.043	0.007	0.012	0.038	0.097	0.002	0.004
airport-lyon-1169-45560	airport	airport	0.964	0.001	0.002	0.002	0.004	0.002	0.005	0.018	0.001	0.001
airport-lyon-1169-45588	airport	airport	0.896	0.001	0.007	0.006	0.003	0.013	0.021	0.050	0.001	0.002
airport-lyon-1169-45628	airport	airport	0.902	0.001	0.005	0.003	0.003	0.012	0.013	0.059	0.001	0.001
airport-lyon-1169-45672	airport	airport	0.971	0.001	0.001	0.002	0.002	0.002	0.007	0.013	0.001	0.001
airport-milan-1172-44103	airport	airport	0.932	0.001	0.002	0.005	0.003	0.009	0.041	0.002	0.003	0.002
airport-milan-1172-44126	airport	airport	0.920	0.001	0.001	0.003	0.002	0.006	0.059	0.003	0.003	0.001
airport-milan-1172-44205	airport	airport	0.557	0.004	0.005	0.040	0.005	0.108	0.254	0.013	0.006	0.009
airport-milan-1172-44215	airport	airport	0.481	0.003	0.003	0.028	0.003	0.111	0.356	0.007	0.003	0.005
airport-milan-1172-44376	airport	airport	0.918	0.001	0.001	0.003	0.002	0.009	0.063	0.001	0.002	0.001
airport-milan-1172-44409	airport	airport	0.506	0.002	0.003	0.026	0.003	0.046	0.395	0.008	0.005	0.005
airport-milan-1172-44524	airport	airport	0.802	0.002	0.003	0.012	0.003	0.045	0.119	0.008	0.003	0.003
airport-milan-1172-44533	airport	airport	0.422	0.009	0.022	0.066	0.008	0.110	0.251	0.027	0.012	0.073
airport-milan-1172-44567	airport	airport	0.500	0.002	0.003	0.027	0.003	0.065	0.382	0.007	0.004	0.006
airport-milan-1172-44586	airport	airport	0.972	0.000	0.001	0.002	0.001	0.002	0.016	0.002	0.001	0.001
airport-milan-1172-44624	airport	airport	0.970	0.001	0.003	0.002	0.002	0.004	0.004	0.011	0.001	0.002
airport-milan-1172-44661	airport	airport	0.986	0.000	0.001	0.001	0.001	0.003	0.002	0.005	0.001	0.000
airport-milan-1172-44687	airport	airport	0.972	0.001	0.002	0.002	0.001	0.003	0.006	0.011	0.001	0.001
airport-milan-1172-44762	airport	airport	0.982	0.000	0.001	0.001	0.001	0.002	0.005	0.006	0.001	0.001
airport-milan-1172-44768	airport	airport	0.989	0.000	0.001	0.001	0.001	0.002	0.003	0.003	0.001	0.000
airport-milan-1172-44819	airport	airport	0.979	0.000	0.001	0.002	0.001	0.003	0.004	0.009	0.001	0.001
airport-milan-1172-44887	airport	airport	0.971	0.001	0.001	0.002	0.001	0.004	0.006	0.012	0.001	0.001
airport-milan-1172-44925	airport	airport	0.557	0.002	0.003	0.014	0.003	0.038	0.366	0.010	0.004	0.004
airport-milan-1172-45028	airport	airport	0.691	0.002	0.003	0.028	0.003	0.085	0.171	0.009	0.004	0.005
airport-milan-1172-45082	airport	airport	0.967	0.001	0.001	0.003	0.002	0.005	0.016	0.003	0.002	0.001
airport-milan-1172-45119	airport	airport	0.960	0.000	0.001	0.003	0.001	0.004	0.026	0.002	0.001	0.001
airport-milan-1172-45165	airport	airport	0.982	0.000	0.000	0.001	0.001	0.003	0.010	0.001	0.001	0.000
airport-milan-1172-45190	airport	airport	0.971	0.000	0.001	0.002	0.001	0.003	0.017	0.003	0.001	0.000
airport-milan-1172-45214	airport	airport	0.961	0.001	0.002	0.003	0.001	0.003	0.009	0.019	0.001	0.001
airport-milan-1172-45225	airport	airport	0.929	0.001	0.002	0.003	0.002	0.007	0.047	0.003	0.004	0.002
airport-milan-1172-45261	airport	airport	0.972	0.001	0.001	0.001	0.001	0.004	0.011	0.006	0.002	0.001
airport-milan-1172-45320	airport	airport	0.971	0.000	0.001	0.001	0.001	0.002	0.021	0.002	0.001	0.000
airport-milan-1172-45327	airport	airport	0.575	0.003	0.003	0.018	0.003	0.047	0.334	0.009	0.005	0.006
airport-milan-1172-45355	airport	airport	0.976	0.001	0.001	0.001	0.001	0.003	0.006	0.008	0.001	0.001
airport-milan-1172-45409	airport	airport	0.326	0.013	0.048	0.100	0.011	0.113	0.162	0.023	0.018	0.185
airport-milan-1172-45420	airport	airport	0.971	0.000	0.001	0.002	0.001	0.002	0.017	0.003	0.001	0.001
airport-milan-1172-45490	airport	airport	0.810	0.002	0.004	0.010	0.003	0.062	0.089	0.009	0.003	0.007
airport-milan-1172-45505	airport	airport	0.990	0.000	0.000	0.001	0.001	0.001	0.005	0.001	0.000	0.000
airport-milan-1172-45645	airport	airport	0.988	0.000	0.001	0.001	0.001	0.002	0.003	0.004	0.001	0.001
airport-milan-1172-45710	airport	airport	0.957	0.001	0.002	0.002	0.002	0.010	0.021	0.002	0.002	0.002
airport-milan-1172-45738	airport	airport	0.984	0.000	0.000	0.001	0.001	0.002	0.010	0.001	0.001	0.000
airport-paris-206-6237	airport	airport	0.581	0.040	0.014	0.097	0.013	0.069	0.043	0.094	0.020	0.030
airport-paris-206-6238	airport	airport	0.304	0.073	0.024	0.073	0.012	0.279	0.035	0.136	0.036	0.028
airport-paris-206-6239	airport	airport	0.269	0.046	0.054	0.246	0.021	0.124	0.031	0.091	0.032	0.086
airport-paris-206-6240	airport	airport	0.340	0.034	0.112	0.193	0.026	0.053	0.047	0.064	0.023	0.107
airport-paris-206-6241	metro_station	airport	0.195	0.042	0.014	0.377	0.027	0.033	0.052	0.090	0.037	0.132
airport-paris-206-6242	metro_station	airport	0.223	0.049	0.049	0.230	0.026	0.128	0.063	0.095	0.046	0.091
airport-paris-206-6243	airport	airport	0.415	0.053	0.042	0.105	0.035	0.031	0.045	0.130	0.053	0.091
airport-paris-206-6244	airport	airport	0.276	0.041	0.010	0.274	0.025	0.033	0.046	0.107	0.042	0.145
airport-paris-206-6245	airport	airport	0.363	0.069	0.043	0.075	0.016	0.245	0.031	0.067	0.058	0.033
airport-paris-206-6246	airport	airport	0.483	0.063	0.038	0.114	0.034	0.037	0.049	0.073	0.019	0.093
airport-paris-206-6247	street_traffic	airport	0.160	0.077	0.034	0.047	0.022	0.118	0.019	0.148	0.299	0.076
airport-paris-206-6248	metro_station	airport	0.177	0.053	0.050	0.358	0.019	0.084	0.041	0.119	0.032	0.067
airport-paris-206-6249	airport	airport	0.535	0.049	0.037	0.070	0.021	0.052	0.038	0.113	0.055	0.031
airport-paris-206-6250	metro_station	airport	0.151	0.049	0.016	0.400	0.032	0.031	0.038	0.100	0.037	0.146
airport-paris-206-6251	street_pedestrian	airport	0.135	0.054	0.011	0.182	0.026	0.114	0.029	0.221	0.108	0.119
airport-paris-206-6252	metro_station	airport	0.262	0.044	0.123	0.268	0.027	0.041	0.071	0.053	0.022	0.090
airport-paris-206-6253	metro_station	airport	0.115	0.048	0.015	0.451	0.028	0.027	0.066	0.074	0.038	0.137
airport-paris-206-6254	metro_station	airport	0.183	0.062	0.042	0.214	0.025	0.125	0.085	0.136	0.038	0.090
airport-paris-206-6255	street_pedestrian	airport	0.225	0.117	0.065	0.052	0.024	0.074	0.024	0.277	0.088	0.054
airport-paris-206-6256	airport	airport	0.259	0.130	0.041	0.057	0.031	0.061	0.023	0.096	0.199	0.103
airport-paris-206-6257	metro_station	airport	0.240	0.034	0.012	0.335	0.029	0.041	0.048	0.106	0.035	0.121
airport-paris-206-6258	airport	airport	0.307	0.055	0.023	0.184	0.013	0.181	0.029	0.123	0.040	0.046
airport-paris-206-6259	airport	airport	0.220	0.120	0.066	0.084	0.032	0.067	0.035	0.086	0.220	0.070
airport-paris-206-6260	airport	airport	0.388	0.068	0.028	0.106	0.024	0.084	0.020	0.195	0.028	0.058
airport-paris-206-6261	metro_station	airport	0.142	0.114	0.017	0.262	0.038	0.044	0.059	0.086	0.087	0.150
airport-paris-206-6262	metro_station	airport	0.180	0.056	0.018	0.375	0.032	0.058	0.029	0.118	0.055	0.079
airport-paris-206-6263	metro_station	airport	0.092	0.079	0.027	0.202	0.036	0.097	0.044	0.093	0.156	0.175
airport-paris-206-6264	airport	airport	0.557	0.035	0.035	0.077	0.023	0.053	0.024	0.094	0.043	0.059
airport-paris-206-6265	airport	airport	0.534	0.038	0.033	0.092	0.026	0.027	0.026	0.112	0.030	0.081
airport-paris-206-6266	metro_station	airport	0.119	0.076	0.016	0.199	0.033	0.096	0.030	0.111	0.162	0.159
airport-paris-206-6267	street_traffic	airport	0.195	0.071	0.050	0.052	0.019	0.103	0.016	0.082	0.364	0.049
airport-paris-206-6268	metro_station	airport	0.128	0.043	0.014	0.404	0.030	0.025	0.081	0.067	0.052	0.157
airport-paris-206-6269	street_traffic	airport	0.127	0.065	0.016	0.149	0.034	0.099	0.032	0.107	0.187	0.184
airport-paris-206-6270	bus	airport	0.056	0.326	0.028	0.124	0.034	0.058	0.038	0.037	0.135	0.165
airport-paris-206-6271	street_traffic	airport	0.187	0.059	0.030	0.040	0.016	0.074	0.011	0.070	0.473	0.039
airport-paris-206-6272	airport	airport	0.222	0.059	0.045	0.206	0.023	0.165	0.042	0.136	0.056	0.047
airport-paris-206-6273	metro_station	airport	0.149	0.032	0.012	0.468	0.025	0.025	0.050	0.105	0.035	0.097
airport-paris-206-6274	airport	airport	0.244	0.042	0.011	0.235	0.029	0.073	0.030	0.168	0.038	0.130
airport-paris-206-6275	airport	airport	0.674	0.028	0.024	0.032	0.021	0.022	0.034	0.101	0.020	0.045
airport-paris-206-6276	metro_station	airport	0.273	0.047	0.014	0.321	0.036	0.033	0.059	0.075	0.036	0.105
airport-paris-206-6277	metro_station	airport	0.070	0.098	0.028	0.282	0.033	0.059	0.043	0.067	0.128	0.191
airport-paris-206-6278	airport	airport	0.485	0.094	0.046	0.051	0.031	0.050	0.033	0.069	0.111	0.031
airport-paris-206-6279	airport	airport	0.248	0.080	0.153	0.190	0.024	0.098	0.026	0.074	0.034	0.073
airport-paris-206-6280	airport	airport	0.258	0.118	0.054	0.115	0.029	0.141	0.033	0.121	0.072	0.059
airport-paris-206-6281	airport	airport	0.350	0.050	0.066	0.131	0.034	0.042	0.051	0.113	0.048	0.114
airport-paris-206-6282	street_pedestrian	airport	0.181	0.096	0.068	0.124	0.031	0.055	0.026	0.186	0.076	0.156
airport-prague-1173-44104	airport	airport	0.997	0.000	0.000	0.000	0.000	0.001	0.001	0.000	0.000	0.000
airport-prague-1173-44309	airport	airport	0.975	0.001	0.003	0.005	0.003	0.002	0.007	0.003	0.000	0.001
airport-prague-1173-44354	airport	airport	0.996	0.000	0.000	0.000	0.000	0.000	0.002	0.000	0.000	0.000
airport-prague-1173-44397	airport	airport	0.992	0.000	0.001	0.001	0.000	0.000	0.005	0.000	0.000	0.000
airport-prague-1173-44425	airport	airport	0.980	0.001	0.001	0.003	0.001	0.001	0.011	0.001	0.000	0.000
airport-prague-1173-44592	airport	airport	0.966	0.001	0.002	0.004	0.002	0.001	0.019	0.004	0.000	0.001
airport-prague-1173-44620	airport	airport	0.985	0.000	0.001	0.001	0.001	0.001	0.009	0.001	0.000	0.001
airport-prague-1173-44705	airport	airport	0.954	0.002	0.003	0.004	0.003	0.003	0.019	0.009	0.002	0.002
airport-prague-1173-44800	airport	airport	0.985	0.001	0.001	0.001	0.001	0.001	0.008	0.001	0.000	0.001
airport-prague-1173-44812	airport	airport	0.987	0.000	0.001	0.001	0.001	0.005	0.004	0.000	0.000	0.000
airport-prague-1173-44843	airport	airport	0.993	0.000	0.001	0.000	0.000	0.002	0.002	0.000	0.000	0.000
airport-prague-1173-44938	airport	airport	0.976	0.001	0.003	0.004	0.002	0.002	0.009	0.003	0.000	0.001
airport-prague-1173-44997	airport	airport	0.997	0.000	0.000	0.000	0.000	0.000	0.001	0.000	0.000	0.000
airport-prague-1173-45032	airport	airport	0.995	0.000	0.000	0.001	0.000	0.000	0.002	0.000	0.000	0.000
airport-prague-1173-45158	airport	airport	0.958	0.001	0.002	0.002	0.001	0.002	0.031	0.002	0.001	0.001
airport-prague-1173-45201	airport	airport	0.997	0.000	0.000	0.000	0.000	0.000	0.001	0.000	0.000	0.000
airport-prague-1173-45299	airport	airport	0.993	0.000	0.001	0.001	0.001	0.001	0.003	0.000	0.000	0.000
airport-prague-1173-45336	airport	airport	0.998	0.000	0.000	0.000	0.000	0.000	0.001	0.000	0.000	0.000
airport-prague-1173-45405	airport	airport	0.995	0.000	0.000	0.001	0.000	0.000	0.002	0.000	0.000	0.000
airport-prague-1173-45485	airport	airport	0.998	0.000	0.000	0.000	0.000	0.000	0.001	0.000	0.000	0.000
airport-prague-1173-45640	airport	airport	0.993	0.000	0.001	0.001	0.000	0.001	0.004	0.000	0.000	0.000
airport-prague-1173-45679	airport	airport	0.929	0.002	0.003	0.007	0.005	0.004	0.043	0.006	0.001	0.001
airport-prague-1173-45722	airport	airport	0.997	0.000	0.000	0.000	0.000	0.000	0.002	0.000	0.000	0.000
airport-prague-1173-45742	airport	airport	0.998	0.000	0.000	0.000	0.000	0.000	0.001	0.000	0.000	0.000
airport-prague-1195-44142	airport	airport	0.957	0.001	0.004	0.008	0.003	0.010	0.013	0.003	0.001	0.001
airport-prague-1195-44149	airport	airport	0.962	0.001	0.002	0.004	0.003	0.001	0.015	0.010	0.001	0.001
airport-prague-1195-44169	shopping_mall	airport	0.355	0.017	0.005	0.112	0.009	0.019	0.436	0.037	0.004	0.006
airport-prague-1195-44218	airport	airport	0.984	0.000	0.001	0.001	0.001	0.001	0.008	0.003	0.001	0.000
airport-prague-1195-44333	airport	airport	0.709	0.003	0.005	0.007	0.009	0.003	0.240	0.015	0.003	0.005
airport-prague-1195-44426	airport	airport	0.928	0.002	0.002	0.017	0.003	0.007	0.030	0.010	0.001	0.001
airport-prague-1195-44435	airport	airport	0.654	0.016	0.008	0.091	0.008	0.035	0.147	0.032	0.005	0.005
airport-prague-1195-44824	airport	airport	0.952	0.001	0.003	0.008	0.004	0.004	0.020	0.006	0.001	0.001
airport-prague-1195-44928	airport	airport	0.924	0.001	0.004	0.007	0.006	0.002	0.033	0.018	0.002	0.002
airport-prague-1195-44947	airport	airport	0.967	0.001	0.003	0.004	0.002	0.004	0.014	0.003	0.001	0.001
airport-prague-1195-45063	airport	airport	0.931	0.002	0.003	0.015	0.003	0.003	0.032	0.008	0.001	0.001
airport-prague-1195-45065	airport	airport	0.775	0.009	0.005	0.036	0.007	0.008	0.132	0.022	0.003	0.003
airport-prague-1195-45096	airport	airport	0.979	0.001	0.001	0.003	0.001	0.002	0.010	0.003	0.000	0.000
airport-prague-1195-45109	airport	airport	0.971	0.001	0.004	0.004	0.003	0.006	0.008	0.003	0.001	0.001
airport-prague-1195-45260	airport	airport	0.977	0.000	0.001	0.001	0.001	0.001	0.014	0.004	0.000	0.001
airport-prague-1195-45265	airport	airport	0.950	0.000	0.001	0.001	0.002	0.001	0.039	0.003	0.001	0.001
airport-prague-1195-45312	airport	airport	0.986	0.000	0.001	0.001	0.001	0.000	0.008	0.003	0.000	0.000
airport-prague-1195-45537	airport	airport	0.895	0.004	0.003	0.023	0.004	0.004	0.051	0.012	0.001	0.002
airport-prague-1195-45597	airport	airport	0.912	0.002	0.004	0.006	0.008	0.002	0.035	0.024	0.004	0.003
airport-prague-1195-45657	airport	airport	0.940	0.001	0.003	0.004	0.004	0.001	0.025	0.019	0.001	0.001
airport-prague-1195-45704	airport	airport	0.606	0.007	0.011	0.017	0.014	0.004	0.267	0.060	0.008	0.008
airport-prague-1195-45749	airport	airport	0.974	0.000	0.002	0.004	0.002	0.006	0.009	0.002	0.000	0.000
airport-prague-1195-45752	airport	airport	0.959	0.001	0.002	0.003	0.004	0.002	0.012	0.015	0.001	0.001
airport-prague-1195-45754	airport	airport	0.915	0.002	0.002	0.018	0.002	0.005	0.050	0.005	0.001	0.001
airport-stockholm-208-6315	airport	airport	0.700	0.005	0.013	0.057	0.006	0.007	0.185	0.018	0.005	0.004
airport-stockholm-208-6316	airport	airport	0.631	0.001	0.006	0.004	0.002	0.002	0.346	0.002	0.001	0.006
airport-stockholm-208-6317	airport	airport	0.896	0.004	0.008	0.037	0.004	0.005	0.030	0.011	0.003	0.002
airport-stockholm-208-6318	airport	airport	0.915	0.000	0.002	0.002	0.001	0.000	0.078	0.000	0.000	0.001
airport-stockholm-208-6319	airport	airport	0.617	0.013	0.018	0.101	0.012	0.014	0.163	0.040	0.012	0.010
airport-stockholm-208-6320	shopping_mall	airport	0.405	0.004	0.010	0.105	0.006	0.008	0.441	0.010	0.005	0.006
airport-stockholm-208-6321	airport	airport	0.939	0.003	0.007	0.010	0.002	0.003	0.022	0.010	0.002	0.001
airport-stockholm-208-6322	airport	airport	0.847	0.001	0.003	0.003	0.001	0.001	0.141	0.001	0.000	0.001
airport-stockholm-208-6323	airport	airport	0.946	0.002	0.003	0.008	0.002	0.003	0.022	0.012	0.002	0.001
airport-stockholm-208-6324	airport	airport	0.971	0.000	0.001	0.001	0.000	0.000	0.026	0.000	0.000	0.000
airport-stockholm-208-6325	airport	airport	0.969	0.000	0.001	0.001	0.000	0.000	0.026	0.001	0.000	0.000
airport-stockholm-208-6326	airport	airport	0.755	0.001	0.003	0.004	0.001	0.000	0.234	0.001	0.001	0.001
airport-stockholm-208-6327	airport	airport	0.715	0.007	0.020	0.165	0.007	0.007	0.059	0.010	0.005	0.005
airport-stockholm-208-6328	airport	airport	0.669	0.001	0.003	0.003	0.001	0.001	0.318	0.001	0.001	0.003
airport-stockholm-208-6329	airport	airport	0.915	0.000	0.001	0.001	0.001	0.001	0.079	0.001	0.000	0.001
airport-stockholm-208-6330	airport	airport	0.948	0.000	0.002	0.002	0.001	0.001	0.046	0.000	0.000	0.001
airport-stockholm-208-6331	airport	airport	0.951	0.001	0.004	0.002	0.001	0.001	0.037	0.001	0.001	0.001
airport-stockholm-208-6332	airport	airport	0.846	0.000	0.002	0.002	0.001	0.000	0.145	0.001	0.000	0.001
airport-stockholm-208-6333	airport	airport	0.951	0.000	0.001	0.002	0.001	0.000	0.043	0.000	0.000	0.001
airport-stockholm-208-6334	airport	airport	0.940	0.000	0.001	0.001	0.000	0.000	0.056	0.000	0.000	0.000
airport-stockholm-208-6335	airport	airport	0.950	0.000	0.001	0.002	0.001	0.000	0.045	0.001	0.000	0.000
airport-stockholm-208-6336	airport	airport	0.678	0.007	0.013	0.133	0.007	0.005	0.142	0.008	0.005	0.003
airport-stockholm-208-6337	airport	airport	0.920	0.003	0.006	0.020	0.003	0.005	0.023	0.016	0.002	0.002
airport-stockholm-208-6338	airport	airport	0.944	0.000	0.002	0.001	0.001	0.001	0.050	0.000	0.000	0.001
airport-stockholm-208-6339	airport	airport	0.953	0.001	0.005	0.008	0.002	0.002	0.016	0.010	0.002	0.001
airport-stockholm-208-6340	airport	airport	0.936	0.000	0.001	0.001	0.001	0.000	0.060	0.000	0.000	0.001
airport-stockholm-208-6341	airport	airport	0.802	0.001	0.002	0.004	0.001	0.001	0.185	0.001	0.001	0.002
airport-stockholm-208-6342	airport	airport	0.967	0.000	0.002	0.001	0.001	0.000	0.027	0.001	0.000	0.000
airport-stockholm-208-6343	airport	airport	0.922	0.003	0.006	0.023	0.003	0.004	0.029	0.008	0.002	0.002
airport-stockholm-208-6344	airport	airport	0.468	0.009	0.020	0.126	0.008	0.007	0.341	0.013	0.005	0.005
airport-stockholm-208-6345	airport	airport	0.508	0.010	0.022	0.055	0.009	0.009	0.341	0.033	0.009	0.004
airport-stockholm-208-6346	airport	airport	0.894	0.000	0.002	0.002	0.001	0.001	0.098	0.001	0.000	0.002
bus-barcelona-210-6387	tram	bus	0.022	0.135	0.104	0.066	0.020	0.016	0.009	0.019	0.006	0.602
bus-barcelona-210-6388	tram	bus	0.005	0.173	0.025	0.006	0.005	0.003	0.005	0.003	0.004	0.771
bus-barcelona-210-6389	bus	bus	0.011	0.680	0.045	0.006	0.012	0.004	0.007	0.006	0.004	0.224
bus-barcelona-210-6390	tram	bus	0.010	0.453	0.019	0.005	0.009	0.003	0.010	0.005	0.003	0.483
bus-barcelona-210-6391	bus	bus	0.038	0.462	0.171	0.026	0.028	0.011	0.035	0.018	0.022	0.189
bus-barcelona-210-6392	bus	bus	0.022	0.647	0.094	0.019	0.014	0.013	0.021	0.011	0.009	0.149
bus-barcelona-210-6393	bus	bus	0.031	0.618	0.164	0.013	0.013	0.019	0.015	0.014	0.028	0.085
bus-barcelona-210-6394	metro	bus	0.063	0.180	0.458	0.040	0.028	0.024	0.022	0.022	0.012	0.151
bus-barcelona-210-6395	bus	bus	0.001	0.963	0.003	0.001	0.001	0.001	0.001	0.001	0.001	0.027
bus-barcelona-210-6396	tram	bus	0.006	0.169	0.026	0.011	0.007	0.004	0.005	0.006	0.003	0.760
bus-barcelona-210-6397	bus	bus	0.011	0.834	0.064	0.011	0.006	0.005	0.004	0.004	0.005	0.055
bus-barcelona-210-6398	bus	bus	0.009	0.496	0.017	0.019	0.019	0.005	0.009	0.007	0.007	0.413
bus-barcelona-210-6399	bus	bus	0.049	0.532	0.170	0.018	0.024	0.015	0.033	0.014	0.012	0.133
bus-barcelona-210-6400	bus	bus	0.007	0.663	0.064	0.009	0.009	0.005	0.008	0.015	0.005	0.215
bus-barcelona-210-6401	bus	bus	0.070	0.474	0.191	0.033	0.052	0.018	0.032	0.017	0.017	0.096
bus-barcelona-210-6402	bus	bus	0.027	0.478	0.133	0.013	0.016	0.007	0.013	0.008	0.006	0.298
bus-barcelona-210-6403	bus	bus	0.025	0.775	0.069	0.021	0.011	0.008	0.010	0.009	0.008	0.064
bus-barcelona-210-6404	tram	bus	0.042	0.368	0.069	0.017	0.029	0.008	0.019	0.013	0.007	0.428
bus-barcelona-210-6405	tram	bus	0.004	0.110	0.008	0.005	0.008	0.003	0.008	0.004	0.002	0.850
bus-barcelona-210-6406	bus	bus	0.034	0.627	0.201	0.020	0.021	0.010	0.008	0.016	0.011	0.052
bus-barcelona-210-6407	bus	bus	0.003	0.693	0.008	0.004	0.007	0.002	0.004	0.002	0.001	0.276
bus-barcelona-210-6408	bus	bus	0.016	0.874	0.045	0.008	0.008	0.012	0.003	0.003	0.008	0.023
bus-barcelona-210-6409	bus	bus	0.004	0.962	0.020	0.002	0.002	0.002	0.001	0.001	0.002	0.003
bus-barcelona-210-6410	bus	bus	0.001	0.927	0.003	0.001	0.002	0.001	0.002	0.001	0.001	0.061
bus-barcelona-210-6411	tram	bus	0.004	0.036	0.041	0.005	0.005	0.002	0.006	0.004	0.002	0.895
bus-barcelona-210-6412	tram	bus	0.010	0.158	0.047	0.008	0.019	0.005	0.014	0.016	0.005	0.718
bus-barcelona-210-6413	bus	bus	0.006	0.754	0.020	0.004	0.005	0.003	0.004	0.005	0.006	0.193
bus-barcelona-210-6414	bus	bus	0.006	0.823	0.034	0.006	0.009	0.005	0.007	0.007	0.005	0.097
bus-barcelona-210-6415	bus	bus	0.021	0.662	0.076	0.012	0.009	0.007	0.010	0.007	0.005	0.191
bus-barcelona-210-6416	bus	bus	0.025	0.614	0.060	0.015	0.016	0.009	0.019	0.011	0.008	0.224
bus-barcelona-210-6417	bus	bus	0.018	0.801	0.054	0.010	0.012	0.012	0.007	0.008	0.007	0.071
bus-barcelona-210-6418	bus	bus	0.010	0.465	0.047	0.012	0.016	0.005	0.010	0.007	0.003	0.425
bus-barcelona-210-6419	tram	bus	0.007	0.464	0.017	0.004	0.010	0.004	0.008	0.005	0.004	0.477
bus-barcelona-210-6420	bus	bus	0.015	0.702	0.077	0.016	0.013	0.006	0.011	0.012	0.006	0.141
bus-barcelona-210-6421	bus	bus	0.012	0.739	0.051	0.007	0.008	0.007	0.013	0.010	0.011	0.141
bus-barcelona-210-6422	bus	bus	0.022	0.710	0.107	0.021	0.017	0.011	0.010	0.018	0.008	0.077
bus-helsinki-211-6424	bus	bus	0.002	0.948	0.005	0.003	0.003	0.005	0.004	0.003	0.013	0.014
bus-helsinki-211-6425	bus	bus	0.007	0.808	0.026	0.007	0.018	0.007	0.005	0.019	0.014	0.089
bus-helsinki-211-6426	bus	bus	0.001	0.984	0.002	0.002	0.002	0.002	0.002	0.001	0.002	0.003
bus-helsinki-211-6427	bus	bus	0.010	0.720	0.024	0.013	0.028	0.012	0.017	0.016	0.014	0.147
bus-helsinki-211-6428	bus	bus	0.003	0.931	0.007	0.003	0.003	0.007	0.004	0.006	0.019	0.017
bus-helsinki-211-6429	tram	bus	0.011	0.329	0.090	0.012	0.013	0.018	0.017	0.019	0.025	0.466
bus-helsinki-211-6430	bus	bus	0.001	0.989	0.002	0.001	0.001	0.001	0.001	0.000	0.001	0.002
bus-helsinki-211-6431	bus	bus	0.007	0.674	0.028	0.006	0.023	0.011	0.007	0.013	0.014	0.215
bus-helsinki-211-6433	bus	bus	0.003	0.961	0.005	0.007	0.004	0.002	0.004	0.001	0.006	0.007
bus-helsinki-211-6434	bus	bus	0.003	0.931	0.010	0.003	0.004	0.003	0.006	0.002	0.006	0.034
bus-helsinki-211-6435	bus	bus	0.006	0.919	0.016	0.015	0.004	0.005	0.007	0.002	0.008	0.017
bus-helsinki-211-6436	bus	bus	0.001	0.982	0.002	0.003	0.001	0.002	0.001	0.001	0.003	0.003
bus-helsinki-211-6437	bus	bus	0.013	0.473	0.058	0.018	0.030	0.019	0.018	0.024	0.032	0.316
bus-helsinki-211-6438	bus	bus	0.007	0.914	0.025	0.010	0.004	0.007	0.015	0.001	0.005	0.012
bus-helsinki-211-6439	bus	bus	0.009	0.715	0.029	0.009	0.020	0.015	0.008	0.010	0.018	0.167
bus-helsinki-211-6440	bus	bus	0.006	0.877	0.015	0.006	0.012	0.007	0.008	0.011	0.011	0.047
bus-helsinki-211-6442	bus	bus	0.003	0.936	0.005	0.004	0.003	0.006	0.006	0.004	0.017	0.015
bus-helsinki-211-6443	bus	bus	0.012	0.868	0.012	0.011	0.025	0.009	0.003	0.008	0.011	0.041
bus-helsinki-211-6444	bus	bus	0.003	0.954	0.006	0.008	0.004	0.003	0.004	0.002	0.005	0.011
bus-helsinki-211-6445	tram	bus	0.014	0.238	0.233	0.011	0.014	0.023	0.012	0.017	0.022	0.415
bus-helsinki-211-6448	bus	bus	0.010	0.643	0.038	0.009	0.033	0.010	0.013	0.030	0.018	0.198
bus-helsinki-211-6449	bus	bus	0.004	0.959	0.005	0.004	0.004	0.004	0.005	0.001	0.003	0.012
bus-helsinki-211-6450	bus	bus	0.005	0.919	0.010	0.006	0.008	0.006	0.002	0.004	0.005	0.034
bus-helsinki-211-6452	bus	bus	0.010	0.758	0.023	0.016	0.019	0.018	0.014	0.019	0.016	0.108
bus-helsinki-211-6453	bus	bus	0.001	0.985	0.002	0.002	0.002	0.001	0.002	0.001	0.002	0.003
bus-helsinki-211-6454	bus	bus	0.001	0.986	0.002	0.002	0.001	0.001	0.002	0.000	0.002	0.003
bus-helsinki-211-6455	bus	bus	0.001	0.991	0.001	0.001	0.001	0.001	0.001	0.001	0.002	0.001
bus-helsinki-211-6457	bus	bus	0.002	0.962	0.004	0.002	0.002	0.004	0.003	0.002	0.009	0.010
bus-helsinki-211-6458	bus	bus	0.002	0.980	0.002	0.002	0.002	0.002	0.002	0.001	0.002	0.004
bus-helsinki-211-6459	bus	bus	0.012	0.776	0.046	0.053	0.010	0.013	0.026	0.007	0.013	0.045
bus-helsinki-211-6460	bus	bus	0.007	0.827	0.018	0.011	0.015	0.010	0.011	0.011	0.011	0.079
bus-helsinki-211-6461	bus	bus	0.008	0.864	0.021	0.009	0.013	0.009	0.010	0.009	0.010	0.046
bus-helsinki-211-6464	bus	bus	0.002	0.980	0.002	0.002	0.002	0.002	0.002	0.001	0.003	0.004
bus-helsinki-211-6465	bus	bus	0.004	0.913	0.012	0.005	0.010	0.008	0.005	0.007	0.006	0.032
bus-helsinki-211-6466	bus	bus	0.002	0.972	0.004	0.005	0.003	0.003	0.003	0.001	0.004	0.004
bus-lisbon-1212-44206	bus	bus	0.009	0.491	0.018	0.006	0.005	0.008	0.008	0.004	0.004	0.446
bus-lisbon-1212-44271	bus	bus	0.002	0.964	0.011	0.001	0.002	0.002	0.001	0.003	0.002	0.012
bus-lisbon-1212-44366	bus	bus	0.002	0.960	0.013	0.001	0.002	0.003	0.002	0.002	0.005	0.012
bus-lisbon-1212-44406	bus	bus	0.009	0.792	0.060	0.006	0.008	0.009	0.005	0.003	0.006	0.101
bus-lisbon-1212-44414	bus	bus	0.033	0.641	0.042	0.019	0.017	0.018	0.014	0.009	0.016	0.192
bus-lisbon-1212-44463	bus	bus	0.004	0.876	0.051	0.004	0.004	0.003	0.007	0.005	0.005	0.041
bus-lisbon-1212-44498	bus	bus	0.001	0.973	0.013	0.001	0.001	0.001	0.001	0.002	0.001	0.006
bus-lisbon-1212-44531	bus	bus	0.003	0.940	0.016	0.003	0.003	0.003	0.002	0.002	0.002	0.026
bus-lisbon-1212-45080	bus	bus	0.001	0.958	0.021	0.001	0.001	0.001	0.001	0.002	0.002	0.011
bus-lisbon-1212-45457	bus	bus	0.007	0.873	0.029	0.011	0.004	0.005	0.006	0.006	0.003	0.057
bus-lisbon-1212-45534	tram	bus	0.006	0.455	0.010	0.004	0.004	0.008	0.008	0.003	0.004	0.498
bus-lisbon-1212-45548	bus	bus	0.007	0.910	0.013	0.004	0.004	0.010	0.005	0.005	0.006	0.035
bus-lisbon-1212-45601	bus	bus	0.001	0.976	0.010	0.001	0.002	0.002	0.001	0.003	0.001	0.004
bus-lisbon-1212-45715	bus	bus	0.006	0.789	0.019	0.005	0.002	0.007	0.004	0.004	0.002	0.161
bus-lisbon-1223-44393	bus	bus	0.003	0.907	0.051	0.007	0.003	0.006	0.003	0.003	0.002	0.015
bus-lisbon-1223-44407	bus	bus	0.003	0.959	0.017	0.003	0.002	0.003	0.001	0.002	0.001	0.009
bus-lisbon-1223-44429	bus	bus	0.002	0.920	0.012	0.007	0.003	0.004	0.008	0.003	0.003	0.039
bus-lisbon-1223-44483	bus	bus	0.003	0.685	0.214	0.009	0.003	0.008	0.003	0.004	0.003	0.068
bus-lisbon-1223-44593	bus	bus	0.001	0.978	0.016	0.001	0.001	0.001	0.001	0.000	0.001	0.001
bus-lisbon-1223-44619	bus	bus	0.001	0.980	0.012	0.000	0.001	0.001	0.001	0.000	0.001	0.002
bus-lisbon-1223-44695	bus	bus	0.002	0.930	0.039	0.008	0.003	0.006	0.001	0.002	0.002	0.008
bus-lisbon-1223-44799	bus	bus	0.002	0.944	0.035	0.005	0.002	0.004	0.001	0.001	0.001	0.005
bus-lisbon-1223-45057	bus	bus	0.004	0.806	0.128	0.016	0.005	0.010	0.004	0.005	0.003	0.018
bus-lisbon-1223-45220	bus	bus	0.003	0.904	0.035	0.010	0.002	0.011	0.003	0.003	0.002	0.026
bus-lisbon-1223-45244	bus	bus	0.004	0.707	0.214	0.026	0.004	0.009	0.003	0.005	0.003	0.025
bus-lisbon-1223-45639	bus	bus	0.003	0.715	0.226	0.015	0.003	0.011	0.002	0.003	0.003	0.019
bus-lisbon-1223-45689	bus	bus	0.004	0.859	0.072	0.009	0.004	0.010	0.003	0.003	0.005	0.031
bus-lisbon-1226-44491	bus	bus	0.003	0.728	0.007	0.006	0.007	0.004	0.002	0.003	0.004	0.237
bus-lisbon-1226-44523	tram	bus	0.008	0.306	0.016	0.015	0.008	0.005	0.003	0.007	0.004	0.628
bus-lisbon-1226-44601	tram	bus	0.012	0.386	0.064	0.005	0.013	0.008	0.006	0.009	0.011	0.487
bus-lisbon-1226-44607	bus	bus	0.001	0.935	0.003	0.002	0.002	0.002	0.001	0.002	0.003	0.048
bus-lisbon-1226-44871	bus	bus	0.001	0.972	0.002	0.001	0.001	0.001	0.000	0.001	0.001	0.020
bus-lisbon-1226-45035	tram	bus	0.009	0.417	0.047	0.005	0.011	0.006	0.007	0.005	0.008	0.485
bus-lisbon-1226-45078	tram	bus	0.009	0.444	0.024	0.005	0.008	0.005	0.004	0.006	0.008	0.487
bus-lisbon-1226-45085	bus	bus	0.013	0.473	0.138	0.006	0.021	0.008	0.007	0.004	0.008	0.322
bus-lisbon-1226-45095	bus	bus	0.001	0.702	0.009	0.002	0.003	0.002	0.001	0.001	0.002	0.277
bus-lisbon-1226-45100	bus	bus	0.004	0.827	0.048	0.003	0.004	0.003	0.003	0.003	0.004	0.101
bus-lisbon-1226-45496	tram	bus	0.003	0.372	0.014	0.004	0.004	0.002	0.002	0.002	0.002	0.594
bus-lisbon-1226-45544	metro	bus	0.004	0.191	0.640	0.002	0.007	0.001	0.003	0.002	0.003	0.148
bus-lisbon-1226-45632	tram	bus	0.001	0.076	0.004	0.002	0.002	0.002	0.001	0.001	0.002	0.909
bus-lisbon-1226-45756	bus	bus	0.003	0.755	0.007	0.005	0.006	0.005	0.002	0.003	0.005	0.209
bus-lyon-1177-44109	bus	bus	0.001	0.990	0.005	0.000	0.001	0.001	0.000	0.000	0.001	0.002
bus-lyon-1177-44129	bus	bus	0.001	0.992	0.003	0.000	0.000	0.001	0.000	0.000	0.000	0.003
bus-lyon-1177-44159	bus	bus	0.001	0.989	0.005	0.000	0.001	0.001	0.000	0.000	0.001	0.001
bus-lyon-1177-44178	bus	bus	0.001	0.988	0.003	0.001	0.001	0.001	0.001	0.000	0.001	0.003
bus-lyon-1177-44264	bus	bus	0.029	0.767	0.025	0.006	0.013	0.007	0.005	0.006	0.005	0.136
bus-lyon-1177-44268	bus	bus	0.002	0.981	0.008	0.001	0.001	0.001	0.001	0.001	0.001	0.004
bus-lyon-1177-44565	bus	bus	0.002	0.977	0.006	0.000	0.001	0.002	0.001	0.000	0.001	0.010
bus-lyon-1177-44753	bus	bus	0.011	0.883	0.038	0.005	0.009	0.005	0.003	0.003	0.004	0.041
bus-lyon-1177-44874	bus	bus	0.008	0.920	0.018	0.003	0.004	0.004	0.002	0.003	0.003	0.036
bus-lyon-1177-45193	bus	bus	0.000	0.999	0.001	0.000	0.000	0.000	0.000	0.000	0.000	0.000
