aid	scene_pred	scene_label	airport	bus	metro	metro_station	park	public_square	shopping_mall	street_pedestrian	street_traffic	tram
airport-lisbon-1175-44106	airport	airport	0.505	0.004	0.013	0.279	0.002	0.026	0.090	0.067	0.003	0.011
airport-lisbon-1175-44186	metro_station	airport	0.244	0.001	0.011	0.689	0.000	0.001	0.046	0.006	0.000	0.002
airport-lisbon-1175-44210	bus	airport	0.232	0.280	0.062	0.060	0.002	0.002	0.180	0.020	0.001	0.160
airport-lisbon-1175-44233	bus	airport	0.207	0.324	0.061	0.085	0.003	0.002	0.153	0.016	0.001	0.148
airport-lisbon-1175-44296	bus	airport	0.094	0.404	0.088	0.079	0.003	0.001	0.092	0.014	0.001	0.224
airport-lisbon-1175-44606	bus	airport	0.205	0.378	0.044	0.091	0.003	0.001	0.148	0.014	0.001	0.115
airport-lisbon-1175-44669	bus	airport	0.091	0.530	0.053	0.049	0.002	0.001	0.054	0.005	0.001	0.215
airport-lisbon-1175-44691	airport	airport	0.558	0.001	0.007	0.283	0.002	0.018	0.089	0.036	0.002	0.003
airport-lisbon-1175-44700	bus	airport	0.033	0.592	0.049	0.027	0.002	0.000	0.021	0.004	0.000	0.272
airport-lisbon-1175-44702	airport	airport	0.821	0.001	0.003	0.056	0.001	0.006	0.067	0.044	0.000	0.003
airport-lisbon-1175-44703	bus	airport	0.157	0.304	0.045	0.099	0.001	0.001	0.152	0.011	0.000	0.229
airport-lisbon-1175-44708	airport	airport	0.820	0.001	0.002	0.069	0.001	0.008	0.074	0.022	0.000	0.003
airport-lisbon-1175-44791	bus	airport	0.145	0.326	0.075	0.080	0.005	0.003	0.157	0.030	0.002	0.178
airport-lisbon-1175-44813	bus	airport	0.023	0.742	0.043	0.023	0.002	0.000	0.016	0.002	0.002	0.147
airport-lisbon-1175-44864	bus	airport	0.139	0.392	0.079	0.078	0.003	0.002	0.118	0.014	0.001	0.173
airport-lisbon-1175-44916	metro_station	airport	0.289	0.001	0.007	0.650	0.000	0.001	0.047	0.005	0.000	0.001
airport-lisbon-1175-44918	airport	airport	0.758	0.001	0.003	0.089	0.001	0.009	0.080	0.055	0.000	0.004
airport-lisbon-1175-45070	metro_station	airport	0.282	0.001	0.011	0.652	0.000	0.000	0.046	0.006	0.000	0.002
airport-lisbon-1175-45108	metro_station	airport	0.330	0.001	0.007	0.590	0.000	0.000	0.064	0.006	0.000	0.001
airport-lisbon-1175-45126	airport	airport	0.494	0.002	0.007	0.328	0.002	0.019	0.102	0.036	0.003	0.005
airport-lisbon-1175-45127	metro_station	airport	0.269	0.001	0.014	0.623	0.000	0.001	0.081	0.008	0.001	0.002
airport-lisbon-1175-45213	metro_station	airport	0.185	0.002	0.012	0.760	0.001	0.001	0.031	0.004	0.001	0.003
airport-lisbon-1175-45300	airport	airport	0.790	0.002	0.003	0.058	0.001	0.011	0.069	0.061	0.000	0.005
airport-lisbon-1175-45340	airport	airport	0.498	0.002	0.011	0.298	0.002	0.021	0.089	0.072	0.003	0.005
airport-lisbon-1175-45350	metro_station	airport	0.248	0.002	0.011	0.669	0.000	0.001	0.060	0.006	0.001	0.002
airport-lisbon-1175-45351	metro_station	airport	0.251	0.001	0.010	0.660	0.000	0.001	0.068	0.007	0.001	0.002
airport-lisbon-1175-45357	airport	airport	0.522	0.002	0.009	0.330	0.002	0.016	0.056	0.058	0.002	0.005
airport-lisbon-1175-45362	metro_station	airport	0.279	0.001	0.017	0.641	0.001	0.001	0.047	0.009	0.001	0.003
airport-lisbon-1175-45450	metro_station	airport	0.229	0.001	0.010	0.687	0.000	0.001	0.063	0.006	0.001	0.001
airport-lisbon-1175-45451	airport	airport	0.538	0.002	0.014	0.265	0.002	0.021	0.070	0.082	0.003	0.005
airport-lisbon-1175-45539	airport	airport	0.804	0.002	0.004	0.041	0.001	0.009	0.058	0.076	0.000	0.005
airport-lisbon-1175-45585	bus	airport	0.250	0.301	0.039	0.076	0.002	0.002	0.182	0.013	0.001	0.134
airport-lisbon-1175-45593	airport	airport	0.512	0.002	0.014	0.267	0.002	0.022	0.094	0.076	0.004	0.007
airport-lisbon-1175-45692	airport	airport	0.563	0.002	0.006	0.296	0.002	0.013	0.079	0.033	0.002	0.004
airport-lisbon-1175-45707	bus	airport	0.172	0.236	0.107	0.064	0.004	0.004	0.213	0.034	0.002	0.164
airport-lisbon-1175-45732	bus	airport	0.027	0.543	0.079	0.029	0.001	0.000	0.022	0.005	0.001	0.292
airport-london-205-6178	shopping_mall	airport	0.113	0.004	0.009	0.080	0.001	0.008	0.725	0.045	0.008	0.006
airport-london-205-6179	shopping_mall	airport	0.076	0.038	0.006	0.172	0.001	0.005	0.648	0.021	0.009	0.023
airport-london-205-6180	shopping_mall	airport	0.244	0.002	0.002	0.090	0.000	0.005	0.627	0.025	0.001	0.003
airport-london-205-6183	shopping_mall	airport	0.079	0.001	0.002	0.021	0.000	0.008	0.851	0.035	0.001	0.002
airport-london-205-6184	shopping_mall	airport	0.070	0.001	0.002	0.022	0.000	0.010	0.854	0.038	0.001	0.002
airport-london-205-6186	shopping_mall	airport	0.059	0.021	0.003	0.094	0.000	0.002	0.791	0.012	0.002	0.015
airport-london-205-6189	shopping_mall	airport	0.138	0.004	0.006	0.080	0.001	0.007	0.695	0.059	0.003	0.007
airport-london-205-6190	shopping_mall	airport	0.092	0.000	0.002	0.036	0.000	0.010	0.831	0.027	0.001	0.001
airport-london-205-6191	shopping_mall	airport	0.117	0.003	0.003	0.147	0.001	0.005	0.693	0.022	0.004	0.004
airport-london-205-6192	shopping_mall	airport	0.096	0.000	0.001	0.036	0.000	0.011	0.836	0.018	0.001	0.001
airport-london-205-6193	shopping_mall	airport	0.058	0.000	0.009	0.008	0.001	0.026	0.829	0.063	0.004	0.002
airport-london-205-6194	shopping_mall	airport	0.062	0.001	0.009	0.020	0.001	0.030	0.847	0.024	0.004	0.003
airport-london-205-6195	shopping_mall	airport	0.050	0.001	0.010	0.018	0.001	0.028	0.863	0.022	0.005	0.003
airport-london-205-6197	shopping_mall	airport	0.049	0.000	0.002	0.006	0.000	0.017	0.909	0.014	0.001	0.001
airport-london-205-6199	shopping_mall	airport	0.086	0.035	0.005	0.138	0.001	0.004	0.688	0.017	0.004	0.023
airport-london-205-6200	shopping_mall	airport	0.062	0.000	0.001	0.018	0.000	0.014	0.871	0.031	0.001	0.001
airport-london-205-6202	shopping_mall	airport	0.130	0.014	0.013	0.064	0.001	0.004	0.729	0.023	0.004	0.017
airport-london-205-6203	shopping_mall	airport	0.078	0.042	0.005	0.113	0.001	0.004	0.712	0.018	0.005	0.024
airport-london-205-6204	shopping_mall	airport	0.141	0.010	0.008	0.187	0.001	0.006	0.608	0.022	0.006	0.011
airport-london-205-6206	shopping_mall	airport	0.031	0.014	0.003	0.189	0.000	0.002	0.742	0.006	0.004	0.009
airport-london-205-6207	shopping_mall	airport	0.186	0.017	0.025	0.063	0.002	0.008	0.604	0.067	0.005	0.023
airport-london-205-6209	shopping_mall	airport	0.204	0.004	0.009	0.059	0.001	0.008	0.686	0.023	0.002	0.005
airport-london-205-6210	shopping_mall	airport	0.067	0.039	0.004	0.156	0.001	0.004	0.686	0.016	0.007	0.021
airport-london-205-6211	shopping_mall	airport	0.081	0.028	0.004	0.114	0.001	0.003	0.727	0.018	0.003	0.020
airport-london-205-6212	shopping_mall	airport	0.038	0.034	0.004	0.165	0.000	0.002	0.725	0.009	0.004	0.018
airport-london-205-6213	shopping_mall	airport	0.073	0.001	0.014	0.014	0.001	0.056	0.799	0.036	0.004	0.003
airport-london-205-6214	shopping_mall	airport	0.047	0.000	0.001	0.036	0.000	0.010	0.887	0.015	0.001	0.001
airport-london-205-6215	shopping_mall	airport	0.132	0.001	0.002	0.072	0.000	0.008	0.757	0.024	0.002	0.002
airport-london-205-6216	shopping_mall	airport	0.030	0.020	0.003	0.183	0.000	0.001	0.742	0.006	0.003	0.011
airport-london-205-6217	shopping_mall	airport	0.042	0.001	0.005	0.013	0.000	0.010	0.910	0.014	0.002	0.002
airport-london-205-6219	shopping_mall	airport	0.043	0.004	0.026	0.039	0.001	0.016	0.818	0.029	0.014	0.009
airport-london-205-6220	shopping_mall	airport	0.096	0.036	0.004	0.129	0.000	0.003	0.695	0.015	0.003	0.018
airport-london-205-6222	shopping_mall	airport	0.082	0.001	0.002	0.030	0.000	0.011	0.846	0.026	0.001	0.001
airport-london-205-6223	shopping_mall	airport	0.078	0.001	0.008	0.025	0.001	0.022	0.834	0.022	0.004	0.004
airport-london-205-6224	shopping_mall	airport	0.046	0.000	0.001	0.018	0.000	0.006	0.911	0.016	0.001	0.001
airport-london-205-6225	shopping_mall	airport	0.045	0.001	0.001	0.030	0.000	0.016	0.881	0.022	0.002	0.001
airport-london-205-6226	shopping_mall	airport	0.029	0.012	0.002	0.122	0.000	0.001	0.819	0.005	0.002	0.008
airport-london-205-6227	shopping_mall	airport	0.159	0.002	0.003	0.100	0.000	0.006	0.695	0.028	0.003	0.003
airport-london-205-6228	shopping_mall	airport	0.172	0.013	0.019	0.142	0.001	0.006	0.586	0.040	0.005	0.014
airport-london-205-6229	shopping_mall	airport	0.056	0.001	0.002	0.022	0.000	0.011	0.879	0.024	0.001	0.003
airport-london-205-6230	shopping_mall	airport	0.081	0.000	0.003	0.006	0.000	0.022	0.861	0.024	0.001	0.001
airport-london-205-6231	shopping_mall	airport	0.052	0.001	0.002	0.019	0.000	0.016	0.880	0.027	0.002	0.002
airport-london-205-6232	shopping_mall	airport	0.181	0.006	0.012	0.072	0.001	0.010	0.656	0.050	0.005	0.008
airport-london-205-6233	shopping_mall	airport	0.056	0.000	0.002	0.009	0.000	0.008	0.901	0.021	0.001	0.001
airport-london-205-6234	shopping_mall	airport	0.043	0.029	0.003	0.154	0.000	0.002	0.744	0.008	0.004	0.013
airport-london-205-6235	shopping_mall	airport	0.058	0.000	0.005	0.007	0.001	0.047	0.860	0.018	0.003	0.001
airport-london-205-6236	shopping_mall	airport	0.045	0.005	0.024	0.048	0.002	0.016	0.806	0.024	0.018	0.013
airport-lyon-1169-44100	street_pedestrian	airport	0.164	0.000	0.002	0.008	0.000	0.125	0.112	0.586	0.000	0.001
airport-lyon-1169-44127	shopping_mall	airport	0.182	0.003	0.007	0.259	0.000	0.009	0.466	0.071	0.001	0.002
airport-lyon-1169-44227	street_pedestrian	airport	0.190	0.000	0.002	0.007	0.000	0.072	0.134	0.594	0.000	0.001
airport-lyon-1169-44279	shopping_mall	airport	0.201	0.009	0.013	0.149	0.001	0.018	0.432	0.166	0.003	0.007
airport-lyon-1169-44283	airport	airport	0.640	0.000	0.002	0.008	0.000	0.004	0.266	0.080	0.000	0.001
airport-lyon-1169-44314	shopping_mall	airport	0.185	0.005	0.011	0.179	0.000	0.024	0.428	0.160	0.003	0.005
airport-lyon-1169-44321	shopping_mall	airport	0.159	0.005	0.010	0.265	0.000	0.011	0.438	0.105	0.002	0.004
airport-lyon-1169-44330	street_pedestrian	airport	0.155	0.000	0.002	0.011	0.000	0.038	0.132	0.661	0.000	0.001
airport-lyon-1169-44348	metro_station	airport	0.143	0.006	0.007	0.396	0.000	0.006	0.374	0.061	0.002	0.004
airport-lyon-1169-44351	street_pedestrian	airport	0.143	0.000	0.002	0.014	0.000	0.041	0.164	0.633	0.001	0.001
airport-lyon-1169-44363	shopping_mall	airport	0.171	0.012	0.017	0.320	0.001	0.011	0.368	0.089	0.004	0.007
airport-lyon-1169-44387	shopping_mall	airport	0.219	0.004	0.009	0.104	0.000	0.013	0.524	0.123	0.001	0.004
airport-lyon-1169-44430	airport	airport	0.561	0.000	0.001	0.005	0.000	0.005	0.357	0.070	0.000	0.000
airport-lyon-1169-44433	airport	airport	0.465	0.000	0.001	0.011	0.000	0.008	0.447	0.068	0.000	0.000
airport-lyon-1169-44434	shopping_mall	airport	0.179	0.002	0.004	0.346	0.000	0.007	0.409	0.050	0.001	0.002
airport-lyon-1169-44446	shopping_mall	airport	0.095	0.011	0.016	0.337	0.001	0.010	0.402	0.116	0.005	0.008
airport-lyon-1169-44486	street_pedestrian	airport	0.224	0.001	0.005	0.012	0.001	0.039	0.172	0.543	0.001	0.002
airport-lyon-1169-44497	shopping_mall	airport	0.182	0.002	0.005	0.285	0.000	0.007	0.446	0.072	0.001	0.002
airport-lyon-1169-44528	airport	airport	0.688	0.000	0.001	0.005	0.000	0.004	0.254	0.047	0.000	0.000
airport-lyon-1169-44570	street_pedestrian	airport	0.305	0.000	0.002	0.009	0.000	0.059	0.176	0.448	0.000	0.001
airport-lyon-1169-44738	airport	airport	0.571	0.000	0.001	0.010	0.000	0.004	0.343	0.070	0.000	0.000
airport-lyon-1169-44782	shopping_mall	airport	0.168	0.003	0.004	0.344	0.000	0.006	0.419	0.052	0.001	0.002
airport-lyon-1169-44981	airport	airport	0.603	0.000	0.001	0.007	0.000	0.010	0.295	0.084	0.000	0.000
airport-lyon-1169-45068	airport	airport	0.641	0.000	0.000	0.006	0.000	0.006	0.304	0.042	0.000	0.000
airport-lyon-1169-45129	shopping_mall	airport	0.210	0.004	0.008	0.239	0.000	0.008	0.439	0.088	0.001	0.004
airport-lyon-1169-45185	street_pedestrian	airport	0.170	0.000	0.003	0.007	0.000	0.039	0.176	0.602	0.000	0.002
airport-lyon-1169-45263	street_pedestrian	airport	0.160	0.000	0.003	0.011	0.000	0.032	0.111	0.681	0.000	0.001
airport-lyon-1169-45296	airport	airport	0.659	0.000	0.001	0.005	0.000	0.007	0.250	0.078	0.000	0.000
airport-lyon-1169-45396	street_pedestrian	airport	0.139	0.000	0.002	0.011	0.000	0.047	0.144	0.655	0.000	0.001
airport-lyon-1169-45487	airport	airport	0.497	0.000	0.000	0.010	0.000	0.013	0.403	0.077	0.000	0.000
airport-lyon-1169-45498	street_pedestrian	airport	0.259	0.000	0.003	0.012	0.000	0.056	0.142	0.526	0.000	0.001
airport-lyon-1169-45519	street_pedestrian	airport	0.344	0.000	0.002	0.015	0.000	0.030	0.139	0.467	0.000	0.001
airport-lyon-1169-45560	airport	airport	0.588	0.000	0.001	0.007	0.000	0.006	0.338	0.061	0.000	0.000
airport-lyon-1169-45588	street_pedestrian	airport	0.223	0.000	0.002	0.012	0.000	0.047	0.178	0.536	0.000	0.001
airport-lyon-1169-45628	street_pedestrian	airport	0.155	0.000	0.001	0.007	0.000	0.046	0.152	0.638	0.000	0.001
airport-lyon-1169-45672	shopping_mall	airport	0.450	0.000	0.001	0.010	0.000	0.007	0.465	0.067	0.000	0.000
airport-milan-1172-44103	airport	airport	0.340	0.001	0.001	0.012	0.015	0.337	0.169	0.106	0.017	0.001
airport-milan-1172-44126	airport	airport	0.362	0.001	0.002	0.013	0.014	0.227	0.219	0.147	0.014	0.001
airport-milan-1172-44205	street_pedestrian	airport	0.043	0.005	0.007	0.069	0.006	0.245	0.262	0.267	0.085	0.012
airport-milan-1172-44215	public_square	airport	0.037	0.002	0.003	0.042	0.004	0.383	0.321	0.136	0.067	0.005
airport-milan-1172-44376	airport	airport	0.282	0.001	0.002	0.021	0.015	0.280	0.254	0.116	0.029	0.001
airport-milan-1172-44409	shopping_mall	airport	0.039	0.005	0.006	0.044	0.007	0.248	0.366	0.180	0.091	0.014
airport-milan-1172-44524	street_pedestrian	airport	0.090	0.005	0.010	0.040	0.004	0.251	0.242	0.321	0.026	0.010
airport-milan-1172-44533	street_pedestrian	airport	0.056	0.021	0.023	0.097	0.013	0.204	0.209	0.261	0.062	0.053
airport-milan-1172-44567	shopping_mall	airport	0.032	0.003	0.004	0.053	0.005	0.291	0.326	0.150	0.128	0.008
airport-milan-1172-44586	airport	airport	0.340	0.001	0.002	0.016	0.018	0.274	0.180	0.148	0.020	0.001
airport-milan-1172-44624	airport	airport	0.363	0.005	0.002	0.013	0.003	0.119	0.308	0.172	0.007	0.007
airport-milan-1172-44661	shopping_mall	airport	0.261	0.003	0.002	0.013	0.004	0.204	0.309	0.189	0.012	0.005
airport-milan-1172-44687	shopping_mall	airport	0.328	0.003	0.001	0.010	0.002	0.102	0.357	0.187	0.005	0.005
airport-milan-1172-44762	shopping_mall	airport	0.316	0.010	0.004	0.022	0.006	0.093	0.338	0.186	0.014	0.012
airport-milan-1172-44768	shopping_mall	airport	0.134	0.002	0.001	0.009	0.003	0.257	0.371	0.200	0.020	0.004
airport-milan-1172-44819	shopping_mall	airport	0.173	0.007	0.004	0.022	0.006	0.182	0.320	0.247	0.025	0.013
airport-milan-1172-44887	shopping_mall	airport	0.204	0.005	0.003	0.017	0.006	0.153	0.393	0.181	0.030	0.008
airport-milan-1172-44925	street_pedestrian	airport	0.030	0.001	0.003	0.016	0.003	0.306	0.294	0.310	0.034	0.004
airport-milan-1172-45028	public_square	airport	0.067	0.006	0.007	0.075	0.006	0.302	0.222	0.262	0.038	0.016
airport-milan-1172-45082	airport	airport	0.356	0.002	0.002	0.016	0.017	0.202	0.227	0.156	0.019	0.002
airport-milan-1172-45119	public_square	airport	0.306	0.001	0.001	0.011	0.014	0.332	0.147	0.172	0.016	0.001
airport-milan-1172-45165	airport	airport	0.426	0.002	0.003	0.020	0.011	0.133	0.254	0.139	0.010	0.002
airport-milan-1172-45190	airport	airport	0.294	0.001	0.002	0.011	0.024	0.256	0.255	0.132	0.023	0.002
airport-milan-1172-45214	shopping_mall	airport	0.185	0.002	0.001	0.012	0.003	0.177	0.448	0.154	0.016	0.003
airport-milan-1172-45225	airport	airport	0.297	0.002	0.004	0.021	0.024	0.246	0.192	0.173	0.039	0.003
airport-milan-1172-45261	shopping_mall	airport	0.252	0.003	0.002	0.017	0.005	0.146	0.380	0.176	0.015	0.005
airport-milan-1172-45320	airport	airport	0.359	0.003	0.005	0.016	0.012	0.168	0.189	0.233	0.010	0.004
airport-milan-1172-45327	shopping_mall	airport	0.037	0.005	0.005	0.039	0.004	0.231	0.415	0.178	0.075	0.011
airport-milan-1172-45355	airport	airport	0.320	0.006	0.004	0.013	0.006	0.112	0.241	0.278	0.013	0.008
airport-milan-1172-45409	tram	airport	0.047	0.101	0.100	0.081	0.036	0.090	0.099	0.128	0.070	0.248
airport-milan-1172-45420	airport	airport	0.391	0.001	0.002	0.015	0.014	0.180	0.180	0.202	0.012	0.002
airport-milan-1172-45490	public_square	airport	0.051	0.002	0.004	0.016	0.004	0.426	0.131	0.343	0.018	0.005
airport-milan-1172-45505	airport	airport	0.636	0.001	0.002	0.017	0.008	0.069	0.120	0.140	0.004	0.001
airport-milan-1172-45645	airport	airport	0.402	0.011	0.006	0.019	0.007	0.101	0.203	0.227	0.012	0.012
airport-milan-1172-45710	airport	airport	0.360	0.002	0.002	0.016	0.010	0.229	0.183	0.178	0.018	0.002
airport-milan-1172-45738	airport	airport	0.411	0.003	0.003	0.019	0.015	0.118	0.246	0.170	0.012	0.002
airport-paris-206-6237	metro_station	airport	0.190	0.127	0.042	0.320	0.009	0.011	0.174	0.025	0.037	0.065
airport-paris-206-6238	metro_station	airport	0.141	0.124	0.067	0.311	0.013	0.016	0.157	0.034	0.068	0.069
airport-paris-206-6239	metro_station	airport	0.148	0.125	0.051	0.338	0.010	0.016	0.162	0.028	0.050	0.071
airport-paris-206-6240	metro_station	airport	0.152	0.163	0.061	0.254	0.011	0.015	0.168	0.039	0.048	0.089
airport-paris-206-6241	metro_station	airport	0.003	0.046	0.020	0.523	0.005	0.003	0.008	0.010	0.319	0.062
airport-paris-206-6242	metro_station	airport	0.121	0.177	0.070	0.249	0.016	0.013	0.152	0.033	0.087	0.082
airport-paris-206-6243	metro_station	airport	0.142	0.054	0.038	0.298	0.015	0.030	0.175	0.088	0.093	0.067
airport-paris-206-6244	metro_station	airport	0.005	0.078	0.023	0.647	0.004	0.002	0.009	0.008	0.140	0.084
airport-paris-206-6245	metro_station	airport	0.134	0.113	0.070	0.257	0.014	0.024	0.179	0.048	0.092	0.069
airport-paris-206-6246	airport	airport	0.279	0.090	0.030	0.226	0.009	0.015	0.194	0.052	0.024	0.080
airport-paris-206-6247	metro_station	airport	0.133	0.072	0.040	0.329	0.017	0.023	0.147	0.072	0.096	0.071
airport-paris-206-6248	metro_station	airport	0.192	0.114	0.051	0.313	0.011	0.015	0.171	0.033	0.040	0.061
airport-paris-206-6249	metro_station	airport	0.148	0.059	0.033	0.304	0.012	0.020	0.208	0.058	0.100	0.057
airport-paris-206-6250	metro_station	airport	0.004	0.055	0.036	0.610	0.007	0.002	0.006	0.007	0.192	0.079
airport-paris-206-6251	metro_station	airport	0.004	0.049	0.038	0.602	0.008	0.003	0.006	0.010	0.205	0.075
airport-paris-206-6252	metro_station	airport	0.148	0.147	0.063	0.284	0.012	0.015	0.157	0.037	0.057	0.080
airport-paris-206-6253	street_traffic	airport	0.003	0.048	0.019	0.331	0.006	0.003	0.011	0.011	0.513	0.054
airport-paris-206-6254	metro_station	airport	0.159	0.133	0.057	0.245	0.013	0.018	0.202	0.040	0.065	0.069
airport-paris-206-6255	metro_station	airport	0.124	0.053	0.041	0.261	0.017	0.030	0.191	0.104	0.124	0.054
airport-paris-206-6256	metro_station	airport	0.153	0.092	0.038	0.289	0.013	0.023	0.158	0.072	0.067	0.096
airport-paris-206-6257	metro_station	airport	0.004	0.045	0.020	0.567	0.005	0.002	0.009	0.010	0.280	0.058
airport-paris-206-6258	metro_station	airport	0.134	0.168	0.049	0.331	0.010	0.013	0.141	0.027	0.042	0.085
airport-paris-206-6259	metro_station	airport	0.120	0.047	0.030	0.343	0.012	0.026	0.195	0.063	0.115	0.049
airport-paris-206-6260	metro_station	airport	0.158	0.100	0.035	0.297	0.014	0.017	0.165	0.068	0.051	0.096
airport-paris-206-6261	metro_station	airport	0.005	0.064	0.031	0.417	0.006	0.003	0.014	0.014	0.367	0.078
airport-paris-206-6262	metro_station	airport	0.003	0.035	0.030	0.499	0.008	0.003	0.005	0.007	0.358	0.052
airport-paris-206-6263	street_traffic	airport	0.004	0.060	0.038	0.375	0.007	0.003	0.012	0.013	0.411	0.078
airport-paris-206-6264	metro_station	airport	0.189	0.121	0.038	0.260	0.013	0.015	0.173	0.049	0.053	0.091
airport-paris-206-6265	metro_station	airport	0.156	0.077	0.035	0.314	0.014	0.024	0.165	0.069	0.066	0.080
airport-paris-206-6266	metro_station	airport	0.003	0.042	0.033	0.516	0.007	0.003	0.006	0.008	0.316	0.066
airport-paris-206-6267	metro_station	airport	0.129	0.044	0.026	0.328	0.010	0.028	0.213	0.059	0.119	0.043
airport-paris-206-6268	metro_station	airport	0.006	0.064	0.025	0.544	0.006	0.003	0.011	0.014	0.241	0.085
airport-paris-206-6269	metro_station	airport	0.003	0.036	0.031	0.457	0.008	0.003	0.005	0.007	0.400	0.050
airport-paris-206-6270	metro_station	airport	0.003	0.046	0.033	0.447	0.005	0.002	0.008	0.009	0.383	0.063
airport-paris-206-6271	metro_station	airport	0.147	0.090	0.041	0.293	0.013	0.023	0.175	0.061	0.078	0.079
airport-paris-206-6272	metro_station	airport	0.115	0.164	0.072	0.257	0.016	0.016	0.136	0.042	0.102	0.079
airport-paris-206-6273	metro_station	airport	0.004	0.048	0.037	0.576	0.008	0.003	0.007	0.008	0.244	0.066
airport-paris-206-6274	metro_station	airport	0.006	0.079	0.055	0.564	0.009	0.002	0.007	0.011	0.158	0.110
airport-paris-206-6275	airport	airport	0.298	0.072	0.044	0.157	0.014	0.020	0.210	0.091	0.028	0.066
airport-paris-206-6276	metro_station	airport	0.004	0.047	0.034	0.431	0.006	0.004	0.011	0.015	0.378	0.071
airport-paris-206-6277	metro_station	airport	0.002	0.031	0.028	0.480	0.006	0.002	0.004	0.005	0.394	0.047
airport-paris-206-6278	metro_station	airport	0.243	0.071	0.027	0.251	0.012	0.021	0.222	0.052	0.048	0.053
airport-paris-206-6279	metro_station	airport	0.148	0.138	0.060	0.305	0.011	0.017	0.154	0.037	0.046	0.084
airport-paris-206-6280	metro_station	airport	0.143	0.152	0.064	0.305	0.012	0.012	0.141	0.033	0.060	0.078
airport-paris-206-6281	metro_station	airport	0.163	0.118	0.048	0.266	0.015	0.016	0.167	0.051	0.074	0.082
airport-paris-206-6282	metro_station	airport	0.123	0.070	0.033	0.357	0.013	0.020	0.163	0.063	0.079	0.079
airport-prague-1173-44104	airport	airport	0.800	0.000	0.002	0.004	0.000	0.025	0.151	0.017	0.000	0.001
airport-prague-1173-44309	airport	airport	0.836	0.000	0.002	0.005	0.000	0.004	0.136	0.015	0.000	0.001
airport-prague-1173-44354	airport	airport	0.783	0.000	0.000	0.002	0.000	0.007	0.199	0.008	0.000	0.000
airport-prague-1173-44397	airport	airport	0.861	0.000	0.001	0.002	0.000	0.007	0.113	0.015	0.000	0.001
airport-prague-1173-44425	airport	airport	0.809	0.000	0.001	0.005	0.000	0.005	0.172	0.008	0.000	0.000
airport-prague-1173-44592	airport	airport	0.820	0.000	0.001	0.005	0.000	0.002	0.158	0.013	0.000	0.000
airport-prague-1173-44620	airport	airport	0.885	0.000	0.001	0.002	0.000	0.006	0.093	0.013	0.000	0.000
airport-prague-1173-44705	airport	airport	0.820	0.000	0.001	0.004	0.000	0.003	0.149	0.022	0.000	0.000
airport-prague-1173-44800	airport	airport	0.844	0.000	0.000	0.001	0.000	0.007	0.129	0.019	0.000	0.000
airport-prague-1173-44812	airport	airport	0.831	0.000	0.000	0.003	0.000	0.047	0.107	0.012	0.000	0.000
airport-prague-1173-44843	airport	airport	0.810	0.000	0.001	0.003	0.000	0.043	0.127	0.015	0.000	0.000
airport-prague-1173-44938	airport	airport	0.867	0.000	0.002	0.007	0.001	0.004	0.107	0.013	0.000	0.001
airport-prague-1173-44997	airport	airport	0.866	0.000	0.001	0.001	0.000	0.007	0.104	0.020	0.000	0.000
airport-prague-1173-45032	airport	airport	0.834	0.000	0.000	0.003	0.000	0.009	0.140	0.012	0.000	0.000
airport-prague-1173-45158	airport	airport	0.773	0.001	0.001	0.005	0.001	0.004	0.205	0.010	0.000	0.001
airport-prague-1173-45201	airport	airport	0.777	0.000	0.001	0.006	0.000	0.012	0.187	0.017	0.000	0.001
airport-prague-1173-45299	airport	airport	0.743	0.001	0.003	0.012	0.000	0.011	0.200	0.027	0.000	0.002
airport-prague-1173-45336	airport	airport	0.833	0.000	0.000	0.001	0.000	0.006	0.150	0.008	0.000	0.000
airport-prague-1173-45405	airport	airport	0.719	0.001	0.001	0.004	0.000	0.012	0.252	0.011	0.000	0.001
airport-prague-1173-45485	airport	airport	0.804	0.000	0.001	0.004	0.000	0.016	0.151	0.023	0.000	0.001
airport-prague-1173-45640	airport	airport	0.798	0.000	0.002	0.005	0.000	0.028	0.149	0.017	0.000	0.001
airport-prague-1173-45679	airport	airport	0.824	0.000	0.002	0.007	0.001	0.006	0.142	0.017	0.000	0.001
airport-prague-1173-45722	airport	airport	0.848	0.000	0.000	0.001	0.000	0.006	0.138	0.007	0.000	0.000
airport-prague-1173-45742	airport	airport	0.902	0.000	0.000	0.001	0.000	0.005	0.080	0.011	0.000	0.000
airport-prague-1195-44142	airport	airport	0.683	0.000	0.000	0.001	0.000	0.047	0.249	0.020	0.000	0.000
airport-prague-1195-44149	shopping_mall	airport	0.349	0.001	0.003	0.005	0.002	0.040	0.468	0.126	0.001	0.005
airport-prague-1195-44169	shopping_mall	airport	0.278	0.002	0.006	0.040	0.001	0.029	0.500	0.135	0.001	0.008
airport-prague-1195-44218	shopping_mall	airport	0.361	0.001	0.003	0.003	0.001	0.032	0.516	0.079	0.001	0.004
airport-prague-1195-44333	shopping_mall	airport	0.307	0.001	0.002	0.003	0.001	0.025	0.598	0.058	0.000	0.005
airport-prague-1195-44426	airport	airport	0.469	0.001	0.006	0.029	0.001	0.049	0.288	0.150	0.001	0.005
airport-prague-1195-44435	airport	airport	0.420	0.002	0.006	0.028	0.002	0.056	0.326	0.153	0.001	0.006
airport-prague-1195-44824	airport	airport	0.673	0.000	0.001	0.004	0.000	0.034	0.277	0.010	0.000	0.000
airport-prague-1195-44928	shopping_mall	airport	0.331	0.001	0.003	0.003	0.001	0.053	0.440	0.163	0.001	0.004
airport-prague-1195-44947	airport	airport	0.608	0.000	0.001	0.003	0.000	0.089	0.284	0.016	0.000	0.000
airport-prague-1195-45063	airport	airport	0.435	0.002	0.010	0.034	0.002	0.023	0.395	0.087	0.001	0.011
airport-prague-1195-45065	airport	airport	0.404	0.003	0.009	0.041	0.002	0.029	0.399	0.102	0.001	0.011
airport-prague-1195-45096	airport	airport	0.481	0.001	0.005	0.014	0.001	0.030	0.332	0.130	0.001	0.004
airport-prague-1195-45109	airport	airport	0.690	0.000	0.001	0.002	0.000	0.057	0.235	0.015	0.000	0.000
airport-prague-1195-45260	airport	airport	0.443	0.001	0.002	0.006	0.001	0.036	0.379	0.125	0.000	0.004
airport-prague-1195-45265	shopping_mall	airport	0.334	0.001	0.002	0.003	0.001	0.022	0.562	0.072	0.000	0.003
airport-prague-1195-45312	shopping_mall	airport	0.347	0.001	0.003	0.006	0.002	0.055	0.356	0.226	0.001	0.004
airport-prague-1195-45537	airport	airport	0.496	0.005	0.011	0.030	0.003	0.017	0.340	0.086	0.001	0.011
airport-prague-1195-45597	shopping_mall	airport	0.369	0.001	0.002	0.003	0.001	0.039	0.458	0.123	0.000	0.003
airport-prague-1195-45657	airport	airport	0.428	0.002	0.003	0.005	0.002	0.033	0.417	0.104	0.001	0.005
airport-prague-1195-45704	shopping_mall	airport	0.300	0.002	0.004	0.006	0.002	0.029	0.543	0.106	0.001	0.008
airport-prague-1195-45749	airport	airport	0.700	0.000	0.000	0.003	0.000	0.037	0.245	0.015	0.000	0.000
airport-prague-1195-45752	shopping_mall	airport	0.346	0.001	0.003	0.004	0.002	0.062	0.372	0.206	0.001	0.005
airport-prague-1195-45754	airport	airport	0.437	0.001	0.006	0.030	0.001	0.021	0.412	0.087	0.000	0.005
airport-stockholm-208-6315	metro_station	airport	0.147	0.012	0.034	0.592	0.002	0.002	0.186	0.010	0.008	0.006
airport-stockholm-208-6316	shopping_mall	airport	0.247	0.000	0.008	0.042	0.000	0.001	0.689	0.012	0.000	0.001
airport-stockholm-208-6317	metro_station	airport	0.122	0.029	0.054	0.563	0.003	0.003	0.188	0.008	0.015	0.016
airport-stockholm-208-6318	shopping_mall	airport	0.294	0.000	0.009	0.121	0.000	0.001	0.551	0.023	0.000	0.000
airport-stockholm-208-6319	metro_station	airport	0.118	0.054	0.071	0.494	0.004	0.004	0.195	0.011	0.023	0.026
airport-stockholm-208-6320	metro_station	airport	0.137	0.007	0.016	0.484	0.002	0.002	0.337	0.003	0.007	0.005
airport-stockholm-208-6321	metro_station	airport	0.241	0.053	0.137	0.283	0.006	0.006	0.215	0.022	0.015	0.023
airport-stockholm-208-6322	shopping_mall	airport	0.326	0.000	0.004	0.057	0.000	0.001	0.596	0.015	0.000	0.000
airport-stockholm-208-6323	metro_station	airport	0.178	0.060	0.137	0.380	0.005	0.004	0.182	0.015	0.012	0.027
airport-stockholm-208-6324	shopping_mall	airport	0.328	0.000	0.009	0.087	0.000	0.001	0.550	0.023	0.000	0.001
airport-stockholm-208-6325	shopping_mall	airport	0.306	0.000	0.006	0.093	0.000	0.001	0.567	0.025	0.000	0.000
airport-stockholm-208-6326	shopping_mall	airport	0.302	0.000	0.009	0.114	0.000	0.001	0.546	0.026	0.000	0.000
airport-stockholm-208-6327	metro_station	airport	0.115	0.029	0.052	0.575	0.004	0.003	0.185	0.006	0.019	0.013
airport-stockholm-208-6328	shopping_mall	airport	0.269	0.000	0.010	0.093	0.000	0.001	0.615	0.012	0.000	0.001
airport-stockholm-208-6329	shopping_mall	airport	0.290	0.000	0.009	0.143	0.000	0.001	0.535	0.021	0.001	0.001
airport-stockholm-208-6330	shopping_mall	airport	0.302	0.000	0.006	0.138	0.000	0.001	0.535	0.017	0.000	0.000
airport-stockholm-208-6331	shopping_mall	airport	0.341	0.000	0.009	0.083	0.000	0.002	0.535	0.030	0.000	0.000
airport-stockholm-208-6332	shopping_mall	airport	0.256	0.000	0.009	0.139	0.000	0.001	0.577	0.016	0.001	0.001
airport-stockholm-208-6333	shopping_mall	airport	0.347	0.000	0.005	0.075	0.000	0.001	0.557	0.015	0.000	0.000
airport-stockholm-208-6334	shopping_mall	airport	0.261	0.000	0.010	0.134	0.000	0.001	0.577	0.015	0.000	0.001
airport-stockholm-208-6335	shopping_mall	airport	0.340	0.000	0.005	0.089	0.000	0.001	0.549	0.016	0.000	0.000
airport-stockholm-208-6336	metro_station	airport	0.093	0.010	0.015	0.631	0.001	0.002	0.226	0.004	0.014	0.004
airport-stockholm-208-6337	metro_station	airport	0.127	0.071	0.106	0.373	0.005	0.004	0.244	0.014	0.018	0.037
airport-stockholm-208-6338	shopping_mall	airport	0.335	0.000	0.007	0.080	0.000	0.001	0.561	0.016	0.000	0.000
airport-stockholm-208-6339	metro_station	airport	0.198	0.014	0.050	0.526	0.003	0.003	0.176	0.013	0.012	0.006
airport-stockholm-208-6340	shopping_mall	airport	0.331	0.000	0.007	0.117	0.000	0.001	0.523	0.019	0.000	0.001
airport-stockholm-208-6341	shopping_mall	airport	0.271	0.000	0.007	0.113	0.000	0.002	0.587	0.018	0.000	0.001
airport-stockholm-208-6342	shopping_mall	airport	0.309	0.000	0.012	0.073	0.000	0.001	0.581	0.023	0.000	0.001
airport-stockholm-208-6343	metro_station	airport	0.147	0.032	0.064	0.475	0.004	0.004	0.229	0.010	0.016	0.018
airport-stockholm-208-6344	metro_station	airport	0.119	0.024	0.041	0.483	0.004	0.005	0.278	0.007	0.030	0.010
airport-stockholm-208-6345	metro_station	airport	0.148	0.012	0.050	0.537	0.003	0.005	0.209	0.013	0.017	0.006
airport-stockholm-208-6346	shopping_mall	airport	0.325	0.000	0.008	0.134	0.000	0.001	0.514	0.017	0.000	0.000
bus-barcelona-210-6387	bus	bus	0.003	0.575	0.033	0.016	0.001	0.000	0.009	0.003	0.001	0.360
bus-barcelona-210-6388	bus	bus	0.001	0.579	0.017	0.010	0.000	0.000	0.004	0.001	0.001	0.386
bus-barcelona-210-6389	bus	bus	0.003	0.662	0.014	0.006	0.000	0.000	0.014	0.001	0.000	0.299
bus-barcelona-210-6390	bus	bus	0.005	0.630	0.038	0.009	0.001	0.000	0.015	0.002	0.001	0.299
bus-barcelona-210-6391	bus	bus	0.009	0.642	0.070	0.007	0.002	0.000	0.023	0.007	0.002	0.237
bus-barcelona-210-6392	bus	bus	0.040	0.434	0.131	0.025	0.006	0.003	0.074	0.025	0.005	0.257
bus-barcelona-210-6393	bus	bus	0.027	0.523	0.125	0.012	0.003	0.001	0.037	0.011	0.002	0.258
bus-barcelona-210-6394	bus	bus	0.051	0.374	0.236	0.037	0.009	0.005	0.032	0.024	0.005	0.226
bus-barcelona-210-6395	bus	bus	0.001	0.737	0.026	0.003	0.000	0.000	0.004	0.000	0.000	0.227
bus-barcelona-210-6396	bus	bus	0.001	0.581	0.014	0.007	0.000	0.000	0.002	0.001	0.001	0.393
bus-barcelona-210-6397	bus	bus	0.027	0.517	0.111	0.018	0.004	0.001	0.047	0.009	0.002	0.264
bus-barcelona-210-6398	bus	bus	0.001	0.559	0.024	0.009	0.000	0.000	0.008	0.001	0.001	0.396
bus-barcelona-210-6399	bus	bus	0.041	0.584	0.112	0.016	0.004	0.001	0.036	0.011	0.002	0.192
bus-barcelona-210-6400	bus	bus	0.002	0.678	0.035	0.004	0.001	0.000	0.007	0.002	0.001	0.271
bus-barcelona-210-6401	bus	bus	0.068	0.446	0.186	0.021	0.007	0.003	0.070	0.020	0.004	0.176
bus-barcelona-210-6402	bus	bus	0.031	0.502	0.116	0.011	0.004	0.001	0.041	0.014	0.002	0.279
bus-barcelona-210-6403	bus	bus	0.029	0.576	0.105	0.010	0.003	0.000	0.033	0.007	0.001	0.234
bus-barcelona-210-6404	bus	bus	0.024	0.536	0.108	0.013	0.004	0.001	0.039	0.011	0.002	0.262
bus-barcelona-210-6405	bus	bus	0.001	0.671	0.022	0.005	0.000	0.000	0.006	0.000	0.000	0.293
bus-barcelona-210-6406	bus	bus	0.050	0.417	0.210	0.017	0.004	0.001	0.029	0.014	0.001	0.255
bus-barcelona-210-6407	bus	bus	0.001	0.621	0.018	0.003	0.000	0.000	0.001	0.000	0.000	0.356
bus-barcelona-210-6408	bus	bus	0.020	0.473	0.183	0.017	0.004	0.001	0.012	0.007	0.001	0.282
bus-barcelona-210-6409	bus	bus	0.030	0.530	0.167	0.009	0.003	0.001	0.021	0.009	0.001	0.228
bus-barcelona-210-6410	bus	bus	0.001	0.634	0.026	0.003	0.000	0.000	0.004	0.001	0.000	0.332
bus-barcelona-210-6411	bus	bus	0.001	0.618	0.018	0.010	0.000	0.000	0.005	0.001	0.001	0.345
bus-barcelona-210-6412	bus	bus	0.003	0.640	0.059	0.005	0.001	0.000	0.014	0.002	0.001	0.276
bus-barcelona-210-6413	bus	bus	0.002	0.710	0.040	0.005	0.000	0.000	0.006	0.001	0.000	0.235
bus-barcelona-210-6414	bus	bus	0.003	0.701	0.031	0.005	0.001	0.000	0.012	0.002	0.001	0.242
bus-barcelona-210-6415	bus	bus	0.027	0.507	0.116	0.014	0.003	0.001	0.040	0.010	0.002	0.282
bus-barcelona-210-6416	bus	bus	0.032	0.460	0.107	0.015	0.005	0.002	0.063	0.019	0.003	0.296
bus-barcelona-210-6417	bus	bus	0.022	0.607	0.083	0.010	0.002	0.001	0.035	0.008	0.001	0.230
bus-barcelona-210-6418	bus	bus	0.001	0.623	0.028	0.004	0.000	0.000	0.005	0.001	0.000	0.337
bus-barcelona-210-6419	bus	bus	0.003	0.601	0.031	0.005	0.000	0.000	0.016	0.001	0.000	0.342
bus-barcelona-210-6420	bus	bus	0.031	0.532	0.089	0.017	0.006	0.002	0.046	0.014	0.004	0.259
bus-barcelona-210-6421	bus	bus	0.002	0.669	0.056	0.003	0.001	0.000	0.015	0.001	0.001	0.253
bus-barcelona-210-6422	bus	bus	0.047	0.338	0.233	0.023	0.003	0.001	0.033	0.018	0.002	0.302
bus-helsinki-211-6424	tram	bus	0.003	0.349	0.095	0.010	0.001	0.001	0.047	0.025	0.005	0.463
bus-helsinki-211-6425	tram	bus	0.008	0.356	0.138	0.008	0.002	0.001	0.019	0.008	0.002	0.458
bus-helsinki-211-6426	bus	bus	0.023	0.661	0.052	0.063	0.004	0.001	0.061	0.004	0.011	0.121
bus-helsinki-211-6427	bus	bus	0.007	0.415	0.084	0.010	0.002	0.001	0.055	0.015	0.003	0.407
bus-helsinki-211-6428	tram	bus	0.004	0.300	0.108	0.012	0.001	0.001	0.060	0.027	0.005	0.482
bus-helsinki-211-6429	tram	bus	0.005	0.317	0.119	0.014	0.001	0.001	0.054	0.028	0.005	0.457
bus-helsinki-211-6430	bus	bus	0.028	0.635	0.035	0.056	0.005	0.002	0.114	0.004	0.011	0.111
bus-helsinki-211-6431	tram	bus	0.005	0.331	0.144	0.007	0.002	0.001	0.024	0.009	0.002	0.476
bus-helsinki-211-6433	bus	bus	0.025	0.595	0.032	0.094	0.004	0.002	0.082	0.007	0.013	0.145
bus-helsinki-211-6434	bus	bus	0.017	0.580	0.051	0.063	0.005	0.002	0.091	0.007	0.013	0.171
bus-helsinki-211-6435	bus	bus	0.051	0.450	0.026	0.146	0.007	0.003	0.143	0.013	0.021	0.140
bus-helsinki-211-6436	bus	bus	0.013	0.734	0.032	0.040	0.003	0.001	0.054	0.002	0.014	0.107
bus-helsinki-211-6437	tram	bus	0.003	0.307	0.123	0.007	0.002	0.001	0.023	0.010	0.003	0.521
bus-helsinki-211-6438	bus	bus	0.025	0.493	0.036	0.056	0.004	0.001	0.245	0.005	0.012	0.123
bus-helsinki-211-6439	tram	bus	0.003	0.302	0.099	0.006	0.002	0.001	0.023	0.015	0.002	0.547
bus-helsinki-211-6440	bus	bus	0.006	0.449	0.117	0.012	0.002	0.001	0.042	0.012	0.003	0.356
bus-helsinki-211-6442	tram	bus	0.004	0.369	0.102	0.012	0.001	0.001	0.051	0.023	0.005	0.430
bus-helsinki-211-6443	bus	bus	0.013	0.661	0.046	0.007	0.004	0.001	0.007	0.005	0.002	0.254
bus-helsinki-211-6444	bus	bus	0.031	0.453	0.048	0.161	0.008	0.004	0.111	0.014	0.026	0.143
bus-helsinki-211-6445	tram	bus	0.005	0.353	0.097	0.008	0.003	0.001	0.045	0.021	0.004	0.464
bus-helsinki-211-6448	tram	bus	0.008	0.321	0.136	0.006	0.002	0.001	0.029	0.010	0.001	0.486
bus-helsinki-211-6449	bus	bus	0.024	0.638	0.026	0.043	0.004	0.001	0.112	0.004	0.007	0.141
bus-helsinki-211-6450	bus	bus	0.011	0.532	0.073	0.012	0.005	0.001	0.013	0.007	0.004	0.342
bus-helsinki-211-6452	tram	bus	0.004	0.393	0.087	0.009	0.002	0.001	0.052	0.019	0.005	0.428
bus-helsinki-211-6453	bus	bus	0.025	0.531	0.065	0.089	0.005	0.002	0.107	0.008	0.014	0.154
bus-helsinki-211-6454	bus	bus	0.015	0.685	0.028	0.038	0.002	0.001	0.094	0.003	0.008	0.125
bus-helsinki-211-6455	bus	bus	0.040	0.600	0.033	0.061	0.004	0.001	0.125	0.007	0.011	0.118
bus-helsinki-211-6457	tram	bus	0.003	0.345	0.095	0.009	0.001	0.001	0.040	0.022	0.004	0.479
bus-helsinki-211-6458	bus	bus	0.041	0.558	0.040	0.065	0.007	0.002	0.158	0.008	0.018	0.104
bus-helsinki-211-6459	bus	bus	0.046	0.330	0.031	0.179	0.009	0.006	0.198	0.018	0.038	0.145
bus-helsinki-211-6460	tram	bus	0.004	0.351	0.075	0.008	0.001	0.001	0.059	0.018	0.003	0.480
bus-helsinki-211-6461	bus	bus	0.010	0.442	0.108	0.014	0.002	0.001	0.064	0.011	0.002	0.345
bus-helsinki-211-6464	bus	bus	0.039	0.579	0.031	0.079	0.007	0.003	0.130	0.007	0.019	0.107
bus-helsinki-211-6465	bus	bus	0.003	0.521	0.056	0.007	0.001	0.000	0.034	0.008	0.002	0.366
bus-helsinki-211-6466	bus	bus	0.022	0.543	0.072	0.074	0.005	0.002	0.113	0.007	0.032	0.130
bus-lisbon-1212-44206	bus	bus	0.001	0.574	0.004	0.001	0.000	0.000	0.005	0.001	0.000	0.413
bus-lisbon-1212-44271	bus	bus	0.000	0.822	0.002	0.000	0.000	0.000	0.003	0.000	0.000	0.172
bus-lisbon-1212-44366	bus	bus	0.001	0.772	0.002	0.001	0.000	0.000	0.006	0.001	0.000	0.218
bus-lisbon-1212-44406	bus	bus	0.003	0.850	0.003	0.003	0.001	0.000	0.003	0.000	0.000	0.137
bus-lisbon-1212-44414	bus	bus	0.001	0.781	0.001	0.000	0.000	0.000	0.002	0.000	0.000	0.214
bus-lisbon-1212-44463	bus	bus	0.001	0.821	0.003	0.001	0.000	0.000	0.005	0.001	0.000	0.167
bus-lisbon-1212-44498	bus	bus	0.002	0.809	0.003	0.000	0.000	0.000	0.008	0.001	0.000	0.177
bus-lisbon-1212-44531	bus	bus	0.001	0.834	0.002	0.001	0.000	0.000	0.003	0.000	0.000	0.159
bus-lisbon-1212-45080	bus	bus	0.001	0.801	0.002	0.000	0.000	0.000	0.006	0.001	0.000	0.188
bus-lisbon-1212-45457	bus	bus	0.001	0.807	0.003	0.002	0.000	0.000	0.003	0.000	0.000	0.184
bus-lisbon-1212-45534	tram	bus	0.001	0.388	0.003	0.000	0.000	0.000	0.004	0.001	0.000	0.602
bus-lisbon-1212-45548	bus	bus	0.001	0.742	0.005	0.001	0.000	0.000	0.004	0.001	0.000	0.245
bus-lisbon-1212-45601	bus	bus	0.001	0.763	0.003	0.000	0.000	0.000	0.006	0.001	0.000	0.224
bus-lisbon-1212-45715	bus	bus	0.001	0.663	0.002	0.000	0.000	0.000	0.005	0.000	0.000	0.328
bus-lisbon-1223-44393	bus	bus	0.002	0.497	0.078	0.010	0.001	0.000	0.009	0.003	0.001	0.398
bus-lisbon-1223-44407	bus	bus	0.012	0.735	0.043	0.010	0.002	0.000	0.010	0.002	0.001	0.185
bus-lisbon-1223-44429	bus	bus	0.006	0.505	0.054	0.014	0.002	0.000	0.030	0.004	0.002	0.382
bus-lisbon-1223-44483	bus	bus	0.006	0.432	0.116	0.013	0.002	0.001	0.017	0.007	0.002	0.405
bus-lisbon-1223-44593	bus	bus	0.003	0.527	0.120	0.003	0.000	0.000	0.008	0.003	0.000	0.334
bus-lisbon-1223-44619	bus	bus	0.003	0.557	0.102	0.003	0.000	0.000	0.005	0.002	0.000	0.327
bus-lisbon-1223-44695	bus	bus	0.006	0.523	0.054	0.017	0.002	0.000	0.013	0.004	0.002	0.379
bus-lisbon-1223-44799	bus	bus	0.005	0.550	0.084	0.013	0.003	0.000	0.009	0.003	0.002	0.331
bus-lisbon-1223-45057	bus	bus	0.004	0.484	0.118	0.012	0.002	0.000	0.012	0.005	0.002	0.362
bus-lisbon-1223-45220	bus	bus	0.006	0.534	0.049	0.014	0.002	0.001	0.015	0.003	0.002	0.375
bus-lisbon-1223-45244	bus	bus	0.003	0.412	0.122	0.032	0.001	0.000	0.013	0.004	0.002	0.409
bus-lisbon-1223-45639	tram	bus	0.007	0.409	0.095	0.027	0.001	0.000	0.024	0.005	0.001	0.429
bus-lisbon-1223-45689	bus	bus	0.003	0.505	0.114	0.008	0.002	0.000	0.010	0.004	0.002	0.351
bus-lisbon-1226-44491	tram	bus	0.000	0.188	0.022	0.008	0.000	0.000	0.001	0.002	0.001	0.778
bus-lisbon-1226-44523	tram	bus	0.000	0.185	0.029	0.013	0.000	0.000	0.001	0.003	0.001	0.767
bus-lisbon-1226-44601	tram	bus	0.001	0.140	0.102	0.002	0.001	0.000	0.002	0.008	0.001	0.743
bus-lisbon-1226-44607	tram	bus	0.000	0.221	0.027	0.007	0.001	0.000	0.001	0.002	0.001	0.739
bus-lisbon-1226-44871	tram	bus	0.000	0.302	0.016	0.002	0.001	0.000	0.001	0.001	0.001	0.677
bus-lisbon-1226-45035	tram	bus	0.001	0.145	0.079	0.003	0.001	0.000	0.004	0.012	0.000	0.755
bus-lisbon-1226-45078	tram	bus	0.002	0.203	0.081	0.002	0.001	0.000	0.005	0.011	0.001	0.694
bus-lisbon-1226-45085	tram	bus	0.001	0.103	0.270	0.002	0.001	0.000	0.004	0.007	0.001	0.612
bus-lisbon-1226-45095	tram	bus	0.000	0.091	0.139	0.001	0.000	0.000	0.001	0.002	0.000	0.764
bus-lisbon-1226-45100	tram	bus	0.001	0.125	0.143	0.002	0.000	0.000	0.005	0.015	0.000	0.708
bus-lisbon-1226-45496	tram	bus	0.001	0.206	0.025	0.013	0.000	0.000	0.003	0.005	0.001	0.746
bus-lisbon-1226-45544	tram	bus	0.001	0.087	0.412	0.001	0.000	0.000	0.003	0.005	0.000	0.490
bus-lisbon-1226-45632	tram	bus	0.000	0.128	0.050	0.001	0.000	0.000	0.001	0.001	0.000	0.818
bus-lisbon-1226-45756	tram	bus	0.000	0.167	0.018	0.009	0.000	0.000	0.001	0.002	0.001	0.802
bus-lyon-1177-44109	bus	bus	0.010	0.539	0.137	0.004	0.001	0.000	0.006	0.002	0.001	0.300
bus-lyon-1177-44129	bus	bus	0.007	0.652	0.056	0.002	0.001	0.000	0.006	0.001	0.000	0.275
